Event, epi, step, time, tourCount, swapCount, nowScore, bestScore, sec 
learn begin ,1 ,1 ,1 ,1 ,0 ,55.2289 ,55.2289 ,9.6e-05
update best ,1 ,114 ,114 ,1 ,114 ,8.18739 ,8.18739 ,0.230595
local optima ,1 ,115 ,115 ,1 ,114 ,8.18739 ,8.18739 ,0.230659
new initTour ,1 ,115 ,115 ,2 ,0 ,59.0004 ,8.18739 ,0.230718
local optima ,1 ,216 ,216 ,2 ,101 ,8.67027 ,8.18739 ,0.482847
new initTour ,1 ,216 ,216 ,3 ,0 ,54.7285 ,8.18739 ,0.482948
local optima ,1 ,320 ,320 ,3 ,104 ,8.20305 ,8.18739 ,0.698751
new initTour ,1 ,320 ,320 ,4 ,0 ,57.0133 ,8.18739 ,0.698811
local optima ,1 ,416 ,416 ,4 ,96 ,8.73694 ,8.18739 ,0.933109
new initTour ,1 ,416 ,416 ,5 ,0 ,54.7824 ,8.18739 ,0.9332
local optima ,1 ,510 ,510 ,5 ,94 ,9.37421 ,8.18739 ,1.1578
new initTour ,1 ,510 ,510 ,6 ,0 ,58.5081 ,8.18739 ,1.15786
local optima ,1 ,621 ,621 ,6 ,111 ,8.58431 ,8.18739 ,1.42629
new initTour ,1 ,621 ,621 ,7 ,0 ,53.0817 ,8.18739 ,1.42635
local optima ,1 ,723 ,723 ,7 ,102 ,8.3411 ,8.18739 ,1.63223
new initTour ,1 ,723 ,723 ,8 ,0 ,55.6394 ,8.18739 ,1.63229
local optima ,1 ,828 ,828 ,8 ,105 ,8.25441 ,8.18739 ,1.86795
new initTour ,1 ,828 ,828 ,9 ,0 ,55.3259 ,8.18739 ,1.86801
local optima ,1 ,935 ,935 ,9 ,107 ,8.66488 ,8.18739 ,2.09257
new initTour ,1 ,935 ,935 ,10 ,0 ,53.8493 ,8.18739 ,2.09266
local optima ,1 ,1035 ,1035 ,10 ,100 ,8.57219 ,8.18739 ,2.30412
new initTour ,1 ,1035 ,1035 ,11 ,0 ,57.0233 ,8.18739 ,2.30419
local optima ,1 ,1138 ,1138 ,11 ,103 ,8.50393 ,8.18739 ,2.54772
new initTour ,1 ,1138 ,1138 ,12 ,0 ,55.6061 ,8.18739 ,2.54778
local optima ,1 ,1245 ,1245 ,12 ,107 ,8.52802 ,8.18739 ,2.78275
new initTour ,1 ,1245 ,1245 ,13 ,0 ,57.4154 ,8.18739 ,2.78281
local optima ,1 ,1351 ,1351 ,13 ,106 ,8.41069 ,8.18739 ,3.02902
new initTour ,1 ,1351 ,1351 ,14 ,0 ,54.959 ,8.18739 ,3.02908
local optima ,1 ,1452 ,1452 ,14 ,101 ,8.50213 ,8.18739 ,3.23732
new initTour ,1 ,1452 ,1452 ,15 ,0 ,54.6009 ,8.18739 ,3.23738
local optima ,1 ,1558 ,1558 ,15 ,106 ,8.6288 ,8.18739 ,3.46863
new initTour ,1 ,1558 ,1558 ,16 ,0 ,59.8775 ,8.18739 ,3.46869
local optima ,1 ,1661 ,1661 ,16 ,103 ,8.46427 ,8.18739 ,3.74194
new initTour ,1 ,1661 ,1661 ,17 ,0 ,54.4382 ,8.18739 ,3.742
local optima ,1 ,1770 ,1770 ,17 ,109 ,8.5688 ,8.18739 ,3.97313
new initTour ,1 ,1770 ,1770 ,18 ,0 ,60.2536 ,8.18739 ,3.97319
local optima ,1 ,1872 ,1872 ,18 ,102 ,8.8158 ,8.18739 ,4.24265
new initTour ,1 ,1872 ,1872 ,19 ,0 ,51.4289 ,8.18739 ,4.24271
local optima ,1 ,1974 ,1974 ,19 ,102 ,8.61709 ,8.18739 ,4.43781
new initTour ,1 ,1974 ,1974 ,20 ,0 ,53.3445 ,8.18739 ,4.43787
local optima ,1 ,2078 ,2078 ,20 ,104 ,8.74811 ,8.18739 ,4.6629
new initTour ,1 ,2078 ,2078 ,21 ,0 ,59.6283 ,8.18739 ,4.66296
local optima ,1 ,2188 ,2188 ,21 ,110 ,8.80842 ,8.18739 ,4.93351
new initTour ,1 ,2188 ,2188 ,22 ,0 ,55.3412 ,8.18739 ,4.93357
local optima ,1 ,2292 ,2292 ,22 ,104 ,8.59769 ,8.18739 ,5.15008
new initTour ,1 ,2292 ,2292 ,23 ,0 ,51.8144 ,8.18739 ,5.15014
local optima ,1 ,2397 ,2397 ,23 ,105 ,8.31494 ,8.18739 ,5.35821
new initTour ,1 ,2397 ,2397 ,24 ,0 ,55.7372 ,8.18739 ,5.35827
local optima ,1 ,2508 ,2508 ,24 ,111 ,8.39801 ,8.18739 ,5.59439
new initTour ,1 ,2508 ,2508 ,25 ,0 ,52.5261 ,8.18739 ,5.59445
local optima ,1 ,2609 ,2609 ,25 ,101 ,8.33658 ,8.18739 ,5.79355
new initTour ,1 ,2609 ,2609 ,26 ,0 ,52.556 ,8.18739 ,5.79361
local optima ,1 ,2704 ,2704 ,26 ,95 ,8.79253 ,8.18739 ,5.98169
new initTour ,1 ,2704 ,2704 ,27 ,0 ,53.8694 ,8.18739 ,5.98175
local optima ,1 ,2807 ,2807 ,27 ,103 ,8.61342 ,8.18739 ,6.21535
new initTour ,1 ,2807 ,2807 ,28 ,0 ,55.9391 ,8.18739 ,6.21541
local optima ,1 ,2908 ,2908 ,28 ,101 ,8.81101 ,8.18739 ,6.44961
new initTour ,1 ,2908 ,2908 ,29 ,0 ,55.9173 ,8.18739 ,6.44967
local optima ,1 ,3012 ,3012 ,29 ,104 ,8.5608 ,8.18739 ,6.68073
new initTour ,1 ,3012 ,3012 ,30 ,0 ,55.8985 ,8.18739 ,6.6808
local optima ,1 ,3126 ,3126 ,30 ,114 ,8.25549 ,8.18739 ,6.91833
new initTour ,1 ,3126 ,3126 ,31 ,0 ,53.6159 ,8.18739 ,6.91839
epi end ,1 ,3201 ,3201 ,31 ,75 ,9.66127 ,8.18739 ,7.12221
epi begin ,2 ,1 ,3201 ,31 ,75 ,9.66127 ,8.18739 ,33.585
local optima ,2 ,45 ,3245 ,31 ,119 ,8.4988 ,8.18739 ,33.594
new initTour ,2 ,45 ,3245 ,32 ,0 ,51.414 ,8.18739 ,33.5941
local optima ,2 ,738 ,3938 ,32 ,693 ,8.92785 ,8.18739 ,35.6046
new initTour ,2 ,738 ,3938 ,33 ,0 ,54.4869 ,8.18739 ,35.6046
local optima ,2 ,1408 ,4608 ,33 ,670 ,8.76533 ,8.18739 ,37.8659
new initTour ,2 ,1408 ,4608 ,34 ,0 ,56.1335 ,8.18739 ,37.8659
local optima ,2 ,2182 ,5382 ,34 ,774 ,8.55465 ,8.18739 ,40.4878
new initTour ,2 ,2182 ,5382 ,35 ,0 ,51.7966 ,8.18739 ,40.4879
local optima ,2 ,2991 ,6191 ,35 ,809 ,8.5889 ,8.18739 ,43.4069
new initTour ,2 ,2991 ,6191 ,36 ,0 ,59.6681 ,8.18739 ,43.4069
epi end ,2 ,3201 ,6401 ,36 ,210 ,41.6934 ,8.18739 ,45.6287
epi begin ,3 ,1 ,6401 ,36 ,210 ,41.6934 ,8.18739 ,71.7268
learn ends ,3 ,2 ,6402 ,36 ,211 ,41.5886 ,8.18739 ,71.7349
