Event, epi, step, time, tourCount, swapCount, nowScore, bestScore, sec 
learn begin ,1 ,1 ,1 ,1 ,0 ,54.3423 ,54.3423 ,0.000106
update best ,1 ,102 ,102 ,1 ,102 ,8.70309 ,8.70309 ,0.265519
local optima ,1 ,103 ,103 ,1 ,102 ,8.70309 ,8.70309 ,0.26559
new initTour ,1 ,103 ,103 ,2 ,0 ,56.1358 ,8.70309 ,0.265657
update best ,1 ,220 ,220 ,2 ,118 ,8.30903 ,8.30903 ,0.552833
local optima ,1 ,221 ,221 ,2 ,118 ,8.30903 ,8.30903 ,0.552897
new initTour ,1 ,221 ,221 ,3 ,0 ,56.4428 ,8.30903 ,0.552959
local optima ,1 ,319 ,319 ,3 ,98 ,8.60187 ,8.30903 ,0.854126
new initTour ,1 ,319 ,319 ,4 ,0 ,55.2817 ,8.30903 ,0.854189
local optima ,1 ,422 ,422 ,4 ,103 ,8.31119 ,8.30903 ,1.10858
new initTour ,1 ,422 ,422 ,5 ,0 ,58.2025 ,8.30903 ,1.10865
local optima ,1 ,532 ,532 ,5 ,110 ,8.61196 ,8.30903 ,1.42918
new initTour ,1 ,532 ,532 ,6 ,0 ,57.6584 ,8.30903 ,1.42925
local optima ,1 ,634 ,634 ,6 ,102 ,8.62533 ,8.30903 ,1.73509
new initTour ,1 ,634 ,634 ,7 ,0 ,57.9618 ,8.30903 ,1.73516
local optima ,1 ,732 ,732 ,7 ,98 ,8.71104 ,8.30903 ,2.04138
new initTour ,1 ,732 ,732 ,8 ,0 ,60.8684 ,8.30903 ,2.04144
local optima ,1 ,837 ,837 ,8 ,105 ,8.78909 ,8.30903 ,2.40402
new initTour ,1 ,837 ,837 ,9 ,0 ,56.0668 ,8.30903 ,2.40408
local optima ,1 ,945 ,945 ,9 ,108 ,8.36953 ,8.30903 ,2.67918
new initTour ,1 ,945 ,945 ,10 ,0 ,56.9027 ,8.30903 ,2.67926
local optima ,1 ,1046 ,1046 ,10 ,101 ,8.61776 ,8.30903 ,2.96907
new initTour ,1 ,1046 ,1046 ,11 ,0 ,54.8252 ,8.30903 ,2.96913
local optima ,1 ,1156 ,1156 ,11 ,110 ,8.3246 ,8.30903 ,3.22874
new initTour ,1 ,1156 ,1156 ,12 ,0 ,57.066 ,8.30903 ,3.22881
local optima ,1 ,1259 ,1259 ,12 ,103 ,8.68972 ,8.30903 ,3.52158
new initTour ,1 ,1259 ,1259 ,13 ,0 ,53.249 ,8.30903 ,3.52165
local optima ,1 ,1364 ,1364 ,13 ,105 ,8.76916 ,8.30903 ,3.75101
new initTour ,1 ,1364 ,1364 ,14 ,0 ,58.6455 ,8.30903 ,3.75108
local optima ,1 ,1476 ,1476 ,14 ,112 ,8.52386 ,8.30903 ,4.05859
new initTour ,1 ,1476 ,1476 ,15 ,0 ,53.9107 ,8.30903 ,4.05865
local optima ,1 ,1583 ,1583 ,15 ,107 ,8.58963 ,8.30903 ,4.32553
new initTour ,1 ,1583 ,1583 ,16 ,0 ,52.7307 ,8.30903 ,4.32559
local optima ,1 ,1682 ,1682 ,16 ,99 ,8.61143 ,8.30903 ,4.58835
new initTour ,1 ,1682 ,1682 ,17 ,0 ,54.305 ,8.30903 ,4.58842
local optima ,1 ,1787 ,1787 ,17 ,105 ,8.43797 ,8.30903 ,4.85587
new initTour ,1 ,1787 ,1787 ,18 ,0 ,57.9942 ,8.30903 ,4.85594
local optima ,1 ,1884 ,1884 ,18 ,97 ,8.53338 ,8.30903 ,5.16511
new initTour ,1 ,1884 ,1884 ,19 ,0 ,59.0465 ,8.30903 ,5.16518
local optima ,1 ,1999 ,1999 ,19 ,115 ,8.77273 ,8.30903 ,5.48431
new initTour ,1 ,1999 ,1999 ,20 ,0 ,58.0475 ,8.30903 ,5.48438
local optima ,1 ,2100 ,2100 ,20 ,101 ,8.65373 ,8.30903 ,5.79523
new initTour ,1 ,2100 ,2100 ,21 ,0 ,57.1135 ,8.30903 ,5.7953
local optima ,1 ,2204 ,2204 ,21 ,104 ,8.46213 ,8.30903 ,6.08954
new initTour ,1 ,2204 ,2204 ,22 ,0 ,60.7155 ,8.30903 ,6.0896
local optima ,1 ,2310 ,2310 ,22 ,106 ,8.4656 ,8.30903 ,6.4563
new initTour ,1 ,2310 ,2310 ,23 ,0 ,55.4704 ,8.30903 ,6.45644
local optima ,1 ,2416 ,2416 ,23 ,106 ,8.69794 ,8.30903 ,6.73267
new initTour ,1 ,2416 ,2416 ,24 ,0 ,57.1931 ,8.30903 ,6.73273
local optima ,1 ,2525 ,2525 ,24 ,109 ,8.71831 ,8.30903 ,7.04045
new initTour ,1 ,2525 ,2525 ,25 ,0 ,58.5622 ,8.30903 ,7.04052
update best ,1 ,2636 ,2636 ,25 ,112 ,8.14291 ,8.14291 ,7.35874
local optima ,1 ,2637 ,2637 ,25 ,112 ,8.14291 ,8.14291 ,7.35881
new initTour ,1 ,2637 ,2637 ,26 ,0 ,53.8453 ,8.14291 ,7.35888
local optima ,1 ,2732 ,2732 ,26 ,95 ,8.71138 ,8.14291 ,7.5881
new initTour ,1 ,2732 ,2732 ,27 ,0 ,57.319 ,8.14291 ,7.58817
local optima ,1 ,2840 ,2840 ,27 ,108 ,8.35311 ,8.14291 ,7.90206
new initTour ,1 ,2840 ,2840 ,28 ,0 ,53.5749 ,8.14291 ,7.90213
local optima ,1 ,2950 ,2950 ,28 ,110 ,8.56186 ,8.14291 ,8.14507
new initTour ,1 ,2950 ,2950 ,29 ,0 ,56.9346 ,8.14291 ,8.14513
local optima ,1 ,3053 ,3053 ,29 ,103 ,8.70672 ,8.14291 ,8.43451
new initTour ,1 ,3053 ,3053 ,30 ,0 ,54.736 ,8.14291 ,8.43457
local optima ,1 ,3163 ,3163 ,30 ,110 ,8.70897 ,8.14291 ,8.68108
new initTour ,1 ,3163 ,3163 ,31 ,0 ,56.4298 ,8.14291 ,8.68114
local optima ,1 ,3262 ,3262 ,31 ,99 ,8.65458 ,8.14291 ,8.97107
new initTour ,1 ,3262 ,3262 ,32 ,0 ,54.821 ,8.14291 ,8.97114
local optima ,1 ,3360 ,3360 ,32 ,98 ,8.53204 ,8.14291 ,9.23963
new initTour ,1 ,3360 ,3360 ,33 ,0 ,55.6903 ,8.14291 ,9.2397
local optima ,1 ,3464 ,3464 ,33 ,104 ,8.46543 ,8.14291 ,9.53806
new initTour ,1 ,3464 ,3464 ,34 ,0 ,53.1622 ,8.14291 ,9.53813
local optima ,1 ,3580 ,3580 ,34 ,116 ,8.37265 ,8.14291 ,9.7836
new initTour ,1 ,3580 ,3580 ,35 ,0 ,57.3372 ,8.14291 ,9.78368
local optima ,1 ,3696 ,3696 ,35 ,116 ,8.44984 ,8.14291 ,10.1018
new initTour ,1 ,3696 ,3696 ,36 ,0 ,58.6808 ,8.14291 ,10.1018
local optima ,1 ,3803 ,3803 ,36 ,107 ,8.4169 ,8.14291 ,10.4234
new initTour ,1 ,3803 ,3803 ,37 ,0 ,58.724 ,8.14291 ,10.4235
local optima ,1 ,3913 ,3913 ,37 ,110 ,8.71086 ,8.14291 ,10.7442
new initTour ,1 ,3913 ,3913 ,38 ,0 ,56.2948 ,8.14291 ,10.7443
local optima ,1 ,4026 ,4026 ,38 ,113 ,8.28998 ,8.14291 ,11.0327
new initTour ,1 ,4026 ,4026 ,39 ,0 ,53.2577 ,8.14291 ,11.0327
local optima ,1 ,4126 ,4126 ,39 ,100 ,8.38322 ,8.14291 ,11.2844
new initTour ,1 ,4126 ,4126 ,40 ,0 ,56.758 ,8.14291 ,11.2845
local optima ,1 ,4224 ,4224 ,40 ,98 ,8.71586 ,8.14291 ,11.5773
new initTour ,1 ,4224 ,4224 ,41 ,0 ,58.1378 ,8.14291 ,11.5773
local optima ,1 ,4329 ,4329 ,41 ,105 ,8.91089 ,8.14291 ,11.9013
new initTour ,1 ,4329 ,4329 ,42 ,0 ,58.2781 ,8.14291 ,11.9014
local optima ,1 ,4434 ,4434 ,42 ,105 ,8.90771 ,8.14291 ,12.1817
new initTour ,1 ,4434 ,4434 ,43 ,0 ,56.0728 ,8.14291 ,12.1818
local optima ,1 ,4537 ,4537 ,43 ,103 ,8.62891 ,8.14291 ,12.4741
new initTour ,1 ,4537 ,4537 ,44 ,0 ,59.1797 ,8.14291 ,12.4741
local optima ,1 ,4644 ,4644 ,44 ,107 ,8.58832 ,8.14291 ,12.7913
new initTour ,1 ,4644 ,4644 ,45 ,0 ,53.5585 ,8.14291 ,12.7914
local optima ,1 ,4750 ,4750 ,45 ,106 ,8.30973 ,8.14291 ,13.0547
new initTour ,1 ,4750 ,4750 ,46 ,0 ,55.8941 ,8.14291 ,13.0548
update best ,1 ,4857 ,4857 ,46 ,108 ,8.13986 ,8.13986 ,13.3287
local optima ,1 ,4858 ,4858 ,46 ,108 ,8.13986 ,8.13986 ,13.3288
new initTour ,1 ,4858 ,4858 ,47 ,0 ,55.2928 ,8.13986 ,13.3288
local optima ,1 ,4957 ,4957 ,47 ,99 ,8.32496 ,8.13986 ,13.5879
new initTour ,1 ,4957 ,4957 ,48 ,0 ,52.6671 ,8.13986 ,13.588
local optima ,1 ,5056 ,5056 ,48 ,99 ,8.46558 ,8.13986 ,13.8467
new initTour ,1 ,5056 ,5056 ,49 ,0 ,59.1373 ,8.13986 ,13.8467
local optima ,1 ,5168 ,5168 ,49 ,112 ,8.41423 ,8.13986 ,14.176
new initTour ,1 ,5168 ,5168 ,50 ,0 ,56.9462 ,8.13986 ,14.176
local optima ,1 ,5265 ,5265 ,50 ,97 ,8.4044 ,8.13986 ,14.4569
new initTour ,1 ,5265 ,5265 ,51 ,0 ,53.8657 ,8.13986 ,14.4569
local optima ,1 ,5376 ,5376 ,51 ,111 ,8.47594 ,8.13986 ,14.7288
new initTour ,1 ,5376 ,5376 ,52 ,0 ,55.902 ,8.13986 ,14.7288
local optima ,1 ,5486 ,5486 ,52 ,110 ,8.45397 ,8.13986 ,15.0148
new initTour ,1 ,5486 ,5486 ,53 ,0 ,54.1656 ,8.13986 ,15.0149
local optima ,1 ,5591 ,5591 ,53 ,105 ,8.4938 ,8.13986 ,15.2958
new initTour ,1 ,5591 ,5591 ,54 ,0 ,57.757 ,8.13986 ,15.2959
local optima ,1 ,5698 ,5698 ,54 ,107 ,8.5104 ,8.13986 ,15.6095
new initTour ,1 ,5698 ,5698 ,55 ,0 ,53.9466 ,8.13986 ,15.6096
local optima ,1 ,5800 ,5800 ,55 ,102 ,8.50964 ,8.13986 ,15.8691
new initTour ,1 ,5800 ,5800 ,56 ,0 ,57.8246 ,8.13986 ,15.8692
local optima ,1 ,5901 ,5901 ,56 ,101 ,8.40923 ,8.13986 ,16.1655
new initTour ,1 ,5901 ,5901 ,57 ,0 ,55.6688 ,8.13986 ,16.1656
local optima ,1 ,5999 ,5999 ,57 ,98 ,8.41471 ,8.13986 ,16.4287
new initTour ,1 ,5999 ,5999 ,58 ,0 ,54.4326 ,8.13986 ,16.4288
local optima ,1 ,6104 ,6104 ,58 ,105 ,8.4931 ,8.13986 ,16.6846
new initTour ,1 ,6104 ,6104 ,59 ,0 ,54.304 ,8.13986 ,16.6847
local optima ,1 ,6199 ,6199 ,59 ,95 ,8.46375 ,8.13986 ,16.9441
new initTour ,1 ,6199 ,6199 ,60 ,0 ,54.9198 ,8.13986 ,16.9441
local optima ,1 ,6302 ,6302 ,60 ,103 ,8.35124 ,8.13986 ,17.1947
new initTour ,1 ,6302 ,6302 ,61 ,0 ,55.0541 ,8.13986 ,17.1948
epi end ,1 ,6401 ,6401 ,61 ,99 ,8.9971 ,8.13986 ,17.4568
epi begin ,2 ,1 ,6401 ,61 ,99 ,8.9971 ,8.13986 ,126.854
learn ends ,2 ,2 ,6402 ,61 ,100 ,8.99629 ,8.13986 ,126.855
