Event, epi, step, time, tourCount, swapCount, nowScore, bestScore, sec 
learn begin ,1 ,1 ,1 ,1 ,0 ,52.9977 ,52.9977 ,0.000115
update best ,1 ,106 ,106 ,1 ,106 ,8.5795 ,8.5795 ,0.137305
local optima ,1 ,107 ,107 ,1 ,106 ,8.5795 ,8.5795 ,0.137369
new initTour ,1 ,107 ,107 ,2 ,0 ,55.0357 ,8.5795 ,0.137422
local optima ,1 ,219 ,219 ,2 ,112 ,8.8824 ,8.5795 ,0.293046
new initTour ,1 ,219 ,219 ,3 ,0 ,57.01 ,8.5795 ,0.2931
local optima ,1 ,322 ,322 ,3 ,103 ,8.74334 ,8.5795 ,0.452832
new initTour ,1 ,322 ,322 ,4 ,0 ,54.5399 ,8.5795 ,0.452882
update best ,1 ,421 ,421 ,4 ,100 ,8.36701 ,8.36701 ,0.605114
local optima ,1 ,422 ,422 ,4 ,100 ,8.36701 ,8.36701 ,0.60518
new initTour ,1 ,422 ,422 ,5 ,0 ,58.8076 ,8.36701 ,0.605233
local optima ,1 ,533 ,533 ,5 ,111 ,8.47247 ,8.36701 ,0.778857
new initTour ,1 ,533 ,533 ,6 ,0 ,53.7142 ,8.36701 ,0.778912
local optima ,1 ,629 ,629 ,6 ,96 ,8.57103 ,8.36701 ,0.92015
new initTour ,1 ,629 ,629 ,7 ,0 ,58.1893 ,8.36701 ,0.920205
local optima ,1 ,730 ,730 ,7 ,101 ,8.69463 ,8.36701 ,1.07966
new initTour ,1 ,730 ,730 ,8 ,0 ,58.4539 ,8.36701 ,1.07971
update best ,1 ,837 ,837 ,8 ,108 ,8.17132 ,8.17132 ,1.25032
local optima ,1 ,838 ,838 ,8 ,108 ,8.17132 ,8.17132 ,1.25038
new initTour ,1 ,838 ,838 ,9 ,0 ,56.8324 ,8.17132 ,1.25044
local optima ,1 ,941 ,941 ,9 ,103 ,8.42956 ,8.17132 ,1.40799
new initTour ,1 ,941 ,941 ,10 ,0 ,53.7689 ,8.17132 ,1.40804
local optima ,1 ,1062 ,1062 ,10 ,121 ,8.34295 ,8.17132 ,1.55151
new initTour ,1 ,1062 ,1062 ,11 ,0 ,56.4153 ,8.17132 ,1.55156
local optima ,1 ,1169 ,1169 ,11 ,107 ,8.32678 ,8.17132 ,1.70281
new initTour ,1 ,1169 ,1169 ,12 ,0 ,52.3536 ,8.17132 ,1.70289
local optima ,1 ,1278 ,1278 ,12 ,109 ,8.42594 ,8.17132 ,1.84278
new initTour ,1 ,1278 ,1278 ,13 ,0 ,58.6042 ,8.17132 ,1.84284
local optima ,1 ,1385 ,1385 ,13 ,107 ,8.64745 ,8.17132 ,2.0249
new initTour ,1 ,1385 ,1385 ,14 ,0 ,55.101 ,8.17132 ,2.02499
local optima ,1 ,1493 ,1493 ,14 ,108 ,8.43984 ,8.17132 ,2.1768
new initTour ,1 ,1493 ,1493 ,15 ,0 ,58.0413 ,8.17132 ,2.17686
epi end ,1 ,1601 ,1601 ,15 ,108 ,8.2235 ,8.17132 ,2.3514
epi begin ,2 ,1 ,1601 ,15 ,108 ,8.2235 ,8.17132 ,4.49678
local optima ,2 ,1 ,1601 ,15 ,108 ,8.2235 ,8.17132 ,4.49688
new initTour ,2 ,1 ,1601 ,16 ,0 ,57.162 ,8.17132 ,4.49695
local optima ,2 ,682 ,2282 ,16 ,681 ,8.65218 ,8.17132 ,6.00347
new initTour ,2 ,682 ,2282 ,17 ,0 ,55.8715 ,8.17132 ,6.00352
local optima ,2 ,1365 ,2965 ,17 ,683 ,8.94473 ,8.17132 ,7.64841
new initTour ,2 ,1365 ,2965 ,18 ,0 ,52.5812 ,8.17132 ,7.64847
epi end ,2 ,1601 ,3201 ,18 ,236 ,28.6323 ,8.17132 ,8.61173
epi begin ,3 ,1 ,3201 ,18 ,236 ,28.6323 ,8.17132 ,10.6974
local optima ,3 ,371 ,3571 ,18 ,606 ,8.92078 ,8.17132 ,11.0003
new initTour ,3 ,371 ,3571 ,19 ,0 ,55.3884 ,8.17132 ,11.0003
local optima ,3 ,989 ,4189 ,19 ,618 ,8.61916 ,8.17132 ,12.1927
new initTour ,3 ,989 ,4189 ,20 ,0 ,52.9756 ,8.17132 ,12.1928
epi end ,3 ,1601 ,4801 ,20 ,612 ,9.37656 ,8.17132 ,13.5053
epi begin ,4 ,1 ,4801 ,20 ,612 ,9.37656 ,8.17132 ,15.5062
local optima ,4 ,7 ,4807 ,20 ,618 ,9.04758 ,8.17132 ,15.5072
new initTour ,4 ,7 ,4807 ,21 ,0 ,52.571 ,8.17132 ,15.5073
local optima ,4 ,514 ,5314 ,21 ,507 ,9.29924 ,8.17132 ,16.5735
new initTour ,4 ,514 ,5314 ,22 ,0 ,57.0044 ,8.17132 ,16.5735
local optima ,4 ,1154 ,5954 ,22 ,640 ,8.86624 ,8.17132 ,18.0732
new initTour ,4 ,1154 ,5954 ,23 ,0 ,55.8428 ,8.17132 ,18.0732
epi end ,4 ,1601 ,6401 ,23 ,447 ,20.6788 ,8.17132 ,19.4499
epi begin ,5 ,1 ,6401 ,23 ,447 ,20.6788 ,8.17132 ,21.592
local optima ,5 ,170 ,6570 ,23 ,616 ,9.57806 ,8.17132 ,21.666
new initTour ,5 ,170 ,6570 ,24 ,0 ,55.2634 ,8.17132 ,21.666
local optima ,5 ,757 ,7157 ,24 ,587 ,9.28647 ,8.17132 ,22.8798
new initTour ,5 ,757 ,7157 ,25 ,0 ,54.7208 ,8.17132 ,22.8799
local optima ,5 ,1361 ,7761 ,25 ,604 ,9.02835 ,8.17132 ,24.1235
new initTour ,5 ,1361 ,7761 ,26 ,0 ,56.367 ,8.17132 ,24.1236
epi end ,5 ,1601 ,8001 ,26 ,240 ,30.7648 ,8.17132 ,25.0733
epi begin ,6 ,1 ,8001 ,26 ,240 ,30.7648 ,8.17132 ,27.2709
local optima ,6 ,356 ,8356 ,26 ,595 ,9.13561 ,8.17132 ,27.6085
new initTour ,6 ,356 ,8356 ,27 ,0 ,58.5627 ,8.17132 ,27.6086
local optima ,6 ,964 ,8964 ,27 ,608 ,8.53931 ,8.17132 ,28.9055
new initTour ,6 ,964 ,8964 ,28 ,0 ,58.5941 ,8.17132 ,28.9056
epi end ,6 ,1601 ,9601 ,28 ,637 ,12.4174 ,8.17132 ,30.5089
epi begin ,7 ,1 ,9601 ,28 ,637 ,12.4174 ,8.17132 ,32.6496
local optima ,7 ,82 ,9682 ,28 ,718 ,8.37248 ,8.17132 ,32.6696
new initTour ,7 ,82 ,9682 ,29 ,0 ,56.6993 ,8.17132 ,32.6696
local optima ,7 ,689 ,10289 ,29 ,607 ,8.33268 ,8.17132 ,34.1448
new initTour ,7 ,689 ,10289 ,30 ,0 ,57.6382 ,8.17132 ,34.1449
local optima ,7 ,1340 ,10940 ,30 ,651 ,8.62576 ,8.17132 ,35.6147
new initTour ,7 ,1340 ,10940 ,31 ,0 ,56.9298 ,8.17132 ,35.6148
epi end ,7 ,1601 ,11201 ,31 ,261 ,32.9957 ,8.17132 ,36.7183
epi begin ,8 ,1 ,11201 ,31 ,261 ,32.9957 ,8.17132 ,38.8945
local optima ,8 ,358 ,11558 ,31 ,618 ,8.63187 ,8.17132 ,39.1967
new initTour ,8 ,358 ,11558 ,32 ,0 ,54.6646 ,8.17132 ,39.1968
local optima ,8 ,996 ,12196 ,32 ,638 ,8.5855 ,8.17132 ,40.4394
new initTour ,8 ,996 ,12196 ,33 ,0 ,60.6386 ,8.17132 ,40.4394
local optima ,8 ,1583 ,12783 ,33 ,587 ,8.67796 ,8.17132 ,42.0226
new initTour ,8 ,1583 ,12783 ,34 ,0 ,53.0687 ,8.17132 ,42.0226
epi end ,8 ,1601 ,12801 ,34 ,18 ,49.0321 ,8.17132 ,42.153
epi begin ,9 ,1 ,12801 ,34 ,18 ,49.0321 ,8.17132 ,44.219
local optima ,9 ,692 ,13492 ,34 ,709 ,8.9187 ,8.17132 ,45.5962
new initTour ,9 ,692 ,13492 ,35 ,0 ,54.7333 ,8.17132 ,45.5963
local optima ,9 ,1312 ,14112 ,35 ,620 ,8.98283 ,8.17132 ,46.8972
new initTour ,9 ,1312 ,14112 ,36 ,0 ,54.4232 ,8.17132 ,46.8972
epi end ,9 ,1601 ,14401 ,36 ,289 ,24.8795 ,8.17132 ,47.9046
epi begin ,10 ,1 ,14401 ,36 ,289 ,24.8795 ,8.17132 ,50.1117
local optima ,10 ,271 ,14671 ,36 ,559 ,8.75397 ,8.17132 ,50.3068
new initTour ,10 ,271 ,14671 ,37 ,0 ,54.9534 ,8.17132 ,50.3068
local optima ,10 ,986 ,15386 ,37 ,715 ,8.4709 ,8.17132 ,52.0207
new initTour ,10 ,986 ,15386 ,38 ,0 ,58.653 ,8.17132 ,52.0207
epi end ,10 ,1601 ,16001 ,38 ,615 ,15.4308 ,8.17132 ,53.8703
epi begin ,11 ,1 ,16001 ,38 ,615 ,15.4308 ,8.17132 ,56.077
local optima ,11 ,111 ,16111 ,38 ,725 ,8.59415 ,8.17132 ,56.1096
new initTour ,11 ,111 ,16111 ,39 ,0 ,62.6502 ,8.17132 ,56.1097
local optima ,11 ,826 ,16826 ,39 ,715 ,8.48155 ,8.17132 ,57.9911
new initTour ,11 ,826 ,16826 ,40 ,0 ,61.1674 ,8.17132 ,57.9912
local optima ,11 ,1440 ,17440 ,40 ,614 ,8.36006 ,8.17132 ,59.5304
new initTour ,11 ,1440 ,17440 ,41 ,0 ,56.012 ,8.17132 ,59.5305
learn ends ,11 ,1512 ,17512 ,41 ,72 ,44.3946 ,8.17132 ,60.0014
