Event, epi, step, time, tourCount, swapCount, nowScore, bestScore, sec 
learn begin ,1 ,1 ,1 ,1 ,0 ,54.3423 ,54.3423 ,9.7e-05
update best ,1 ,113 ,113 ,1 ,113 ,8.35412 ,8.35412 ,0.149761
local optima ,1 ,114 ,114 ,1 ,113 ,8.35412 ,8.35412 ,0.149828
new initTour ,1 ,114 ,114 ,2 ,0 ,56.1358 ,8.35412 ,0.149884
local optima ,1 ,222 ,222 ,2 ,108 ,8.57366 ,8.35412 ,0.315669
new initTour ,1 ,222 ,222 ,3 ,0 ,56.4428 ,8.35412 ,0.315727
update best ,1 ,327 ,327 ,3 ,106 ,8.28432 ,8.28432 ,0.478799
local optima ,1 ,328 ,328 ,3 ,106 ,8.28432 ,8.28432 ,0.478866
new initTour ,1 ,328 ,328 ,4 ,0 ,55.2817 ,8.28432 ,0.478921
local optima ,1 ,428 ,428 ,4 ,100 ,8.55822 ,8.28432 ,0.637039
new initTour ,1 ,428 ,428 ,5 ,0 ,58.2025 ,8.28432 ,0.637154
local optima ,1 ,535 ,535 ,5 ,107 ,8.67755 ,8.28432 ,0.825143
new initTour ,1 ,535 ,535 ,6 ,0 ,57.6584 ,8.28432 ,0.825196
local optima ,1 ,642 ,642 ,6 ,107 ,8.51422 ,8.28432 ,0.997125
new initTour ,1 ,642 ,642 ,7 ,0 ,57.9618 ,8.28432 ,0.997194
local optima ,1 ,741 ,741 ,7 ,99 ,8.75738 ,8.28432 ,1.1755
new initTour ,1 ,741 ,741 ,8 ,0 ,60.8684 ,8.28432 ,1.17561
local optima ,1 ,853 ,853 ,8 ,112 ,8.60367 ,8.28432 ,1.37563
new initTour ,1 ,853 ,853 ,9 ,0 ,56.0668 ,8.28432 ,1.37568
update best ,1 ,953 ,953 ,9 ,101 ,8.15255 ,8.15255 ,1.53988
local optima ,1 ,954 ,954 ,9 ,101 ,8.15255 ,8.15255 ,1.53994
new initTour ,1 ,954 ,954 ,10 ,0 ,56.9027 ,8.15255 ,1.54
local optima ,1 ,1062 ,1062 ,10 ,108 ,8.32165 ,8.15255 ,1.70995
new initTour ,1 ,1062 ,1062 ,11 ,0 ,54.8252 ,8.15255 ,1.71001
local optima ,1 ,1170 ,1170 ,11 ,108 ,8.37117 ,8.15255 ,1.86267
new initTour ,1 ,1170 ,1170 ,12 ,0 ,57.066 ,8.15255 ,1.86278
local optima ,1 ,1277 ,1277 ,12 ,107 ,8.83264 ,8.15255 ,2.04129
new initTour ,1 ,1277 ,1277 ,13 ,0 ,53.249 ,8.15255 ,2.04135
local optima ,1 ,1385 ,1385 ,13 ,108 ,8.3624 ,8.15255 ,2.18864
new initTour ,1 ,1385 ,1385 ,14 ,0 ,58.6455 ,8.15255 ,2.18869
local optima ,1 ,1488 ,1488 ,14 ,103 ,8.61392 ,8.15255 ,2.36973
new initTour ,1 ,1488 ,1488 ,15 ,0 ,53.9107 ,8.15255 ,2.36978
local optima ,1 ,1595 ,1595 ,15 ,107 ,8.27779 ,8.15255 ,2.51926
new initTour ,1 ,1595 ,1595 ,16 ,0 ,52.7307 ,8.15255 ,2.51932
local optima ,1 ,1697 ,1697 ,16 ,102 ,8.52501 ,8.15255 ,2.66026
new initTour ,1 ,1697 ,1697 ,17 ,0 ,54.305 ,8.15255 ,2.66032
local optima ,1 ,1802 ,1802 ,17 ,105 ,8.36949 ,8.15255 ,2.80914
new initTour ,1 ,1802 ,1802 ,18 ,0 ,57.9942 ,8.15255 ,2.8092
local optima ,1 ,1905 ,1905 ,18 ,103 ,8.66427 ,8.15255 ,2.9862
new initTour ,1 ,1905 ,1905 ,19 ,0 ,59.0465 ,8.15255 ,2.98626
local optima ,1 ,2010 ,2010 ,19 ,105 ,8.90549 ,8.15255 ,3.16757
new initTour ,1 ,2010 ,2010 ,20 ,0 ,58.0475 ,8.15255 ,3.16763
local optima ,1 ,2115 ,2115 ,20 ,105 ,8.28619 ,8.15255 ,3.33836
new initTour ,1 ,2115 ,2115 ,21 ,0 ,57.1135 ,8.15255 ,3.33841
local optima ,1 ,2209 ,2209 ,21 ,94 ,8.61787 ,8.15255 ,3.51202
new initTour ,1 ,2209 ,2209 ,22 ,0 ,60.7155 ,8.15255 ,3.51207
local optima ,1 ,2315 ,2315 ,22 ,106 ,8.51478 ,8.15255 ,3.69954
new initTour ,1 ,2315 ,2315 ,23 ,0 ,55.4704 ,8.15255 ,3.6996
local optima ,1 ,2416 ,2416 ,23 ,101 ,8.60168 ,8.15255 ,3.86462
new initTour ,1 ,2416 ,2416 ,24 ,0 ,57.1931 ,8.15255 ,3.86468
local optima ,1 ,2533 ,2533 ,24 ,117 ,8.18148 ,8.15255 ,4.04239
new initTour ,1 ,2533 ,2533 ,25 ,0 ,58.5622 ,8.15255 ,4.04245
local optima ,1 ,2634 ,2634 ,25 ,101 ,8.73169 ,8.15255 ,4.22368
new initTour ,1 ,2634 ,2634 ,26 ,0 ,53.8453 ,8.15255 ,4.22374
local optima ,1 ,2731 ,2731 ,26 ,97 ,8.69864 ,8.15255 ,4.36195
new initTour ,1 ,2731 ,2731 ,27 ,0 ,57.319 ,8.15255 ,4.362
local optima ,1 ,2839 ,2839 ,27 ,108 ,8.71047 ,8.15255 ,4.53063
new initTour ,1 ,2839 ,2839 ,28 ,0 ,53.5749 ,8.15255 ,4.53069
local optima ,1 ,2942 ,2942 ,28 ,103 ,8.65904 ,8.15255 ,4.67955
new initTour ,1 ,2942 ,2942 ,29 ,0 ,56.9346 ,8.15255 ,4.67961
local optima ,1 ,3041 ,3041 ,29 ,99 ,8.72196 ,8.15255 ,4.85017
new initTour ,1 ,3041 ,3041 ,30 ,0 ,54.736 ,8.15255 ,4.85023
local optima ,1 ,3151 ,3151 ,30 ,110 ,8.80491 ,8.15255 ,4.99972
new initTour ,1 ,3151 ,3151 ,31 ,0 ,56.4298 ,8.15255 ,4.99977
local optima ,1 ,3259 ,3259 ,31 ,108 ,8.78589 ,8.15255 ,5.17262
new initTour ,1 ,3259 ,3259 ,32 ,0 ,54.821 ,8.15255 ,5.17268
local optima ,1 ,3362 ,3362 ,32 ,103 ,9.11866 ,8.15255 ,5.33443
new initTour ,1 ,3362 ,3362 ,33 ,0 ,55.6903 ,8.15255 ,5.33449
local optima ,1 ,3468 ,3468 ,33 ,106 ,8.26148 ,8.15255 ,5.50915
new initTour ,1 ,3468 ,3468 ,34 ,0 ,53.1622 ,8.15255 ,5.50921
local optima ,1 ,3578 ,3578 ,34 ,110 ,8.37462 ,8.15255 ,5.65022
new initTour ,1 ,3578 ,3578 ,35 ,0 ,57.3372 ,8.15255 ,5.65028
local optima ,1 ,3680 ,3680 ,35 ,102 ,8.56085 ,8.15255 ,5.82282
new initTour ,1 ,3680 ,3680 ,36 ,0 ,58.6808 ,8.15255 ,5.82288
local optima ,1 ,3785 ,3785 ,36 ,105 ,8.72373 ,8.15255 ,6.00503
new initTour ,1 ,3785 ,3785 ,37 ,0 ,58.724 ,8.15255 ,6.00509
local optima ,1 ,3887 ,3887 ,37 ,102 ,8.86909 ,8.15255 ,6.19003
new initTour ,1 ,3887 ,3887 ,38 ,0 ,56.2948 ,8.15255 ,6.19008
local optima ,1 ,3993 ,3993 ,38 ,106 ,8.29561 ,8.15255 ,6.35643
new initTour ,1 ,3993 ,3993 ,39 ,0 ,53.2577 ,8.15255 ,6.35649
local optima ,1 ,4094 ,4094 ,39 ,101 ,8.63556 ,8.15255 ,6.49975
new initTour ,1 ,4094 ,4094 ,40 ,0 ,56.758 ,8.15255 ,6.49985
local optima ,1 ,4197 ,4197 ,40 ,103 ,8.7102 ,8.15255 ,6.67721
new initTour ,1 ,4197 ,4197 ,41 ,0 ,58.1378 ,8.15255 ,6.67727
local optima ,1 ,4313 ,4313 ,41 ,116 ,8.61275 ,8.15255 ,6.86728
new initTour ,1 ,4313 ,4313 ,42 ,0 ,58.2781 ,8.15255 ,6.86734
local optima ,1 ,4419 ,4419 ,42 ,106 ,9.02506 ,8.15255 ,7.03713
new initTour ,1 ,4419 ,4419 ,43 ,0 ,56.0728 ,8.15255 ,7.03718
local optima ,1 ,4527 ,4527 ,43 ,108 ,8.72774 ,8.15255 ,7.19221
new initTour ,1 ,4527 ,4527 ,44 ,0 ,59.1797 ,8.15255 ,7.19226
local optima ,1 ,4628 ,4628 ,44 ,101 ,8.68302 ,8.15255 ,7.37941
new initTour ,1 ,4628 ,4628 ,45 ,0 ,53.5585 ,8.15255 ,7.37947
local optima ,1 ,4736 ,4736 ,45 ,108 ,8.633 ,8.15255 ,7.52818
new initTour ,1 ,4736 ,4736 ,46 ,0 ,55.8941 ,8.15255 ,7.52824
local optima ,1 ,4836 ,4836 ,46 ,100 ,8.59906 ,8.15255 ,7.68321
new initTour ,1 ,4836 ,4836 ,47 ,0 ,55.2928 ,8.15255 ,7.68327
local optima ,1 ,4936 ,4936 ,47 ,100 ,8.34365 ,8.15255 ,7.83298
new initTour ,1 ,4936 ,4936 ,48 ,0 ,52.6671 ,8.15255 ,7.83304
local optima ,1 ,5036 ,5036 ,48 ,100 ,8.42717 ,8.15255 ,7.98087
new initTour ,1 ,5036 ,5036 ,49 ,0 ,59.1373 ,8.15255 ,7.98092
local optima ,1 ,5155 ,5155 ,49 ,119 ,8.59007 ,8.15255 ,8.17347
new initTour ,1 ,5155 ,5155 ,50 ,0 ,56.9462 ,8.15255 ,8.17352
local optima ,1 ,5251 ,5251 ,50 ,96 ,8.7414 ,8.15255 ,8.33749
new initTour ,1 ,5251 ,5251 ,51 ,0 ,53.8657 ,8.15255 ,8.33754
local optima ,1 ,5360 ,5360 ,51 ,109 ,8.50432 ,8.15255 ,8.49572
new initTour ,1 ,5360 ,5360 ,52 ,0 ,55.902 ,8.15255 ,8.49578
local optima ,1 ,5470 ,5470 ,52 ,110 ,8.71209 ,8.15255 ,8.66434
new initTour ,1 ,5470 ,5470 ,53 ,0 ,54.1656 ,8.15255 ,8.6644
local optima ,1 ,5570 ,5570 ,53 ,100 ,8.42575 ,8.15255 ,8.825
new initTour ,1 ,5570 ,5570 ,54 ,0 ,57.757 ,8.15255 ,8.82506
local optima ,1 ,5684 ,5684 ,54 ,114 ,8.50471 ,8.15255 ,8.98973
new initTour ,1 ,5684 ,5684 ,55 ,0 ,53.9466 ,8.15255 ,8.98979
local optima ,1 ,5785 ,5785 ,55 ,101 ,8.5307 ,8.15255 ,9.13751
new initTour ,1 ,5785 ,5785 ,56 ,0 ,57.8246 ,8.15255 ,9.13756
local optima ,1 ,5906 ,5906 ,56 ,121 ,8.40542 ,8.15255 ,9.31488
new initTour ,1 ,5906 ,5906 ,57 ,0 ,55.6688 ,8.15255 ,9.31505
local optima ,1 ,6012 ,6012 ,57 ,106 ,8.49259 ,8.15255 ,9.46839
new initTour ,1 ,6012 ,6012 ,58 ,0 ,54.4326 ,8.15255 ,9.46844
local optima ,1 ,6109 ,6109 ,58 ,97 ,8.78318 ,8.15255 ,9.62392
new initTour ,1 ,6109 ,6109 ,59 ,0 ,54.304 ,8.15255 ,9.62397
local optima ,1 ,6207 ,6207 ,59 ,98 ,8.55624 ,8.15255 ,9.77246
new initTour ,1 ,6207 ,6207 ,60 ,0 ,54.9198 ,8.15255 ,9.77251
local optima ,1 ,6313 ,6313 ,60 ,106 ,8.54642 ,8.15255 ,9.92931
new initTour ,1 ,6313 ,6313 ,61 ,0 ,55.0541 ,8.15255 ,9.92936
epi end ,1 ,6401 ,6401 ,61 ,88 ,9.06844 ,8.15255 ,10.0726
epi begin ,2 ,1 ,6401 ,61 ,88 ,9.06844 ,8.15255 ,36.0705
local optima ,2 ,20 ,6420 ,61 ,107 ,8.48578 ,8.15255 ,36.0734
new initTour ,2 ,20 ,6420 ,62 ,0 ,57.3008 ,8.15255 ,36.0735
local optima ,2 ,823 ,7223 ,62 ,803 ,8.78874 ,8.15255 ,37.9803
new initTour ,2 ,823 ,7223 ,63 ,0 ,55.2005 ,8.15255 ,37.9803
local optima ,2 ,1659 ,8059 ,63 ,836 ,8.81584 ,8.15255 ,39.9789
new initTour ,2 ,1659 ,8059 ,64 ,0 ,55.756 ,8.15255 ,39.979
local optima ,2 ,2369 ,8769 ,64 ,710 ,8.95123 ,8.15255 ,41.6885
new initTour ,2 ,2369 ,8769 ,65 ,0 ,57.3728 ,8.15255 ,41.6886
local optima ,2 ,3087 ,9487 ,65 ,718 ,8.62739 ,8.15255 ,43.5034
new initTour ,2 ,3087 ,9487 ,66 ,0 ,52.3832 ,8.15255 ,43.5034
local optima ,2 ,3802 ,10202 ,66 ,715 ,9.03255 ,8.15255 ,45.2045
new initTour ,2 ,3802 ,10202 ,67 ,0 ,57.957 ,8.15255 ,45.2045
local optima ,2 ,4557 ,10957 ,67 ,755 ,8.72211 ,8.15255 ,47.015
new initTour ,2 ,4557 ,10957 ,68 ,0 ,56.5963 ,8.15255 ,47.0151
local optima ,2 ,5207 ,11607 ,68 ,650 ,8.87112 ,8.15255 ,48.4961
new initTour ,2 ,5207 ,11607 ,69 ,0 ,56.0388 ,8.15255 ,48.4962
local optima ,2 ,5950 ,12350 ,69 ,743 ,8.77418 ,8.15255 ,50.2918
new initTour ,2 ,5950 ,12350 ,70 ,0 ,53.9824 ,8.15255 ,50.2918
epi end ,2 ,6401 ,12801 ,70 ,451 ,26.6348 ,8.15255 ,52.0347
epi begin ,3 ,1 ,12801 ,70 ,451 ,26.6348 ,8.15255 ,76.1944
learn ends ,3 ,2 ,12802 ,70 ,452 ,26.6002 ,8.15255 ,76.1965
