Event, epi, step, time, tourCount, swapCount, nowScore, bestScore, sec 
learn begin ,1 ,1 ,1 ,1 ,0 ,55.2289 ,55.2289 ,9.7e-05
update best ,1 ,113 ,113 ,1 ,113 ,8.55612 ,8.55612 ,0.157379
local optima ,1 ,114 ,114 ,1 ,113 ,8.55612 ,8.55612 ,0.157447
new initTour ,1 ,114 ,114 ,2 ,0 ,59.0004 ,8.55612 ,0.157505
local optima ,1 ,221 ,221 ,2 ,107 ,8.69358 ,8.55612 ,0.333995
new initTour ,1 ,221 ,221 ,3 ,0 ,54.7285 ,8.55612 ,0.334054
local optima ,1 ,324 ,324 ,3 ,103 ,8.66283 ,8.55612 ,0.485491
new initTour ,1 ,324 ,324 ,4 ,0 ,57.0133 ,8.55612 ,0.485547
local optima ,1 ,422 ,422 ,4 ,98 ,9.01491 ,8.55612 ,0.647886
new initTour ,1 ,422 ,422 ,5 ,0 ,54.7824 ,8.55612 ,0.647946
local optima ,1 ,522 ,522 ,5 ,100 ,8.72595 ,8.55612 ,0.805807
new initTour ,1 ,522 ,522 ,6 ,0 ,58.5081 ,8.55612 ,0.805864
local optima ,1 ,624 ,624 ,6 ,102 ,8.82008 ,8.55612 ,0.984805
new initTour ,1 ,624 ,624 ,7 ,0 ,53.0817 ,8.55612 ,0.98486
update best ,1 ,732 ,732 ,7 ,109 ,8.53474 ,8.53474 ,1.13878
local optima ,1 ,733 ,733 ,7 ,109 ,8.53474 ,8.53474 ,1.13885
new initTour ,1 ,733 ,733 ,8 ,0 ,55.6394 ,8.53474 ,1.13891
local optima ,1 ,837 ,837 ,8 ,104 ,8.64315 ,8.53474 ,1.2936
new initTour ,1 ,837 ,837 ,9 ,0 ,55.3259 ,8.53474 ,1.29365
update best ,1 ,941 ,941 ,9 ,105 ,8.47465 ,8.47465 ,1.44314
local optima ,1 ,942 ,942 ,9 ,105 ,8.47465 ,8.47465 ,1.4432
new initTour ,1 ,942 ,942 ,10 ,0 ,53.8493 ,8.47465 ,1.44326
local optima ,1 ,1043 ,1043 ,10 ,101 ,9.12854 ,8.47465 ,1.59572
new initTour ,1 ,1043 ,1043 ,11 ,0 ,57.0233 ,8.47465 ,1.59578
update best ,1 ,1143 ,1143 ,11 ,101 ,8.44205 ,8.44205 ,1.76811
local optima ,1 ,1144 ,1144 ,11 ,101 ,8.44205 ,8.44205 ,1.76818
new initTour ,1 ,1144 ,1144 ,12 ,0 ,55.6061 ,8.44205 ,1.76823
local optima ,1 ,1248 ,1248 ,12 ,104 ,8.79424 ,8.44205 ,1.93501
new initTour ,1 ,1248 ,1248 ,13 ,0 ,57.4154 ,8.44205 ,1.93507
local optima ,1 ,1344 ,1344 ,13 ,96 ,8.62121 ,8.44205 ,2.09719
new initTour ,1 ,1344 ,1344 ,14 ,0 ,54.959 ,8.44205 ,2.09725
local optima ,1 ,1441 ,1441 ,14 ,97 ,8.68164 ,8.44205 ,2.24552
new initTour ,1 ,1441 ,1441 ,15 ,0 ,54.6009 ,8.44205 ,2.24557
update best ,1 ,1545 ,1545 ,15 ,105 ,8.39208 ,8.39208 ,2.4088
local optima ,1 ,1546 ,1546 ,15 ,105 ,8.39208 ,8.39208 ,2.40886
new initTour ,1 ,1546 ,1546 ,16 ,0 ,59.8775 ,8.39208 ,2.40892
update best ,1 ,1657 ,1657 ,16 ,112 ,8.28429 ,8.28429 ,2.60612
local optima ,1 ,1658 ,1658 ,16 ,112 ,8.28429 ,8.28429 ,2.60618
new initTour ,1 ,1658 ,1658 ,17 ,0 ,54.4382 ,8.28429 ,2.60624
local optima ,1 ,1767 ,1767 ,17 ,109 ,8.4794 ,8.28429 ,2.7745
new initTour ,1 ,1767 ,1767 ,18 ,0 ,60.2536 ,8.28429 ,2.77456
local optima ,1 ,1879 ,1879 ,18 ,112 ,8.67385 ,8.28429 ,2.96695
new initTour ,1 ,1879 ,1879 ,19 ,0 ,51.4289 ,8.28429 ,2.967
local optima ,1 ,1982 ,1982 ,19 ,103 ,8.64412 ,8.28429 ,3.10574
new initTour ,1 ,1982 ,1982 ,20 ,0 ,53.3445 ,8.28429 ,3.10579
local optima ,1 ,2079 ,2079 ,20 ,97 ,8.55133 ,8.28429 ,3.24975
new initTour ,1 ,2079 ,2079 ,21 ,0 ,59.6283 ,8.28429 ,3.24981
local optima ,1 ,2184 ,2184 ,21 ,105 ,8.46904 ,8.28429 ,3.43895
new initTour ,1 ,2184 ,2184 ,22 ,0 ,55.3412 ,8.28429 ,3.43901
local optima ,1 ,2291 ,2291 ,22 ,107 ,8.54994 ,8.28429 ,3.58872
new initTour ,1 ,2291 ,2291 ,23 ,0 ,51.8144 ,8.28429 ,3.58878
local optima ,1 ,2393 ,2393 ,23 ,102 ,8.91129 ,8.28429 ,3.72728
new initTour ,1 ,2393 ,2393 ,24 ,0 ,55.7372 ,8.28429 ,3.72734
local optima ,1 ,2499 ,2499 ,24 ,106 ,8.75942 ,8.28429 ,3.87565
new initTour ,1 ,2499 ,2499 ,25 ,0 ,52.5261 ,8.28429 ,3.87573
local optima ,1 ,2595 ,2595 ,25 ,96 ,8.5204 ,8.28429 ,4.01106
new initTour ,1 ,2595 ,2595 ,26 ,0 ,52.556 ,8.28429 ,4.01112
local optima ,1 ,2695 ,2695 ,26 ,100 ,8.7543 ,8.28429 ,4.15644
new initTour ,1 ,2695 ,2695 ,27 ,0 ,53.8694 ,8.28429 ,4.15649
local optima ,1 ,2799 ,2799 ,27 ,104 ,8.83152 ,8.28429 ,4.30876
new initTour ,1 ,2799 ,2799 ,28 ,0 ,55.9391 ,8.28429 ,4.30882
update best ,1 ,2904 ,2904 ,28 ,106 ,8.22053 ,8.22053 ,4.46636
local optima ,1 ,2905 ,2905 ,28 ,106 ,8.22053 ,8.22053 ,4.46642
new initTour ,1 ,2905 ,2905 ,29 ,0 ,55.9173 ,8.22053 ,4.46647
local optima ,1 ,3011 ,3011 ,29 ,106 ,8.30542 ,8.22053 ,4.62898
new initTour ,1 ,3011 ,3011 ,30 ,0 ,55.8985 ,8.22053 ,4.62905
local optima ,1 ,3105 ,3105 ,30 ,94 ,8.44818 ,8.22053 ,4.79372
new initTour ,1 ,3105 ,3105 ,31 ,0 ,53.6159 ,8.22053 ,4.79377
local optima ,1 ,3210 ,3210 ,31 ,105 ,8.60158 ,8.22053 ,4.93215
new initTour ,1 ,3210 ,3210 ,32 ,0 ,51.414 ,8.22053 ,4.93221
local optima ,1 ,3314 ,3314 ,32 ,104 ,8.38671 ,8.22053 ,5.06055
new initTour ,1 ,3314 ,3314 ,33 ,0 ,54.4869 ,8.22053 ,5.06061
local optima ,1 ,3414 ,3414 ,33 ,100 ,8.34252 ,8.22053 ,5.21305
new initTour ,1 ,3414 ,3414 ,34 ,0 ,56.1335 ,8.22053 ,5.21311
local optima ,1 ,3518 ,3518 ,34 ,104 ,8.81668 ,8.22053 ,5.36618
new initTour ,1 ,3518 ,3518 ,35 ,0 ,51.7966 ,8.22053 ,5.36626
local optima ,1 ,3622 ,3622 ,35 ,104 ,8.69578 ,8.22053 ,5.50468
new initTour ,1 ,3622 ,3622 ,36 ,0 ,59.6681 ,8.22053 ,5.50474
local optima ,1 ,3727 ,3727 ,36 ,105 ,8.68016 ,8.22053 ,5.69389
new initTour ,1 ,3727 ,3727 ,37 ,0 ,56.738 ,8.22053 ,5.69398
local optima ,1 ,3830 ,3830 ,37 ,103 ,8.28731 ,8.22053 ,5.86761
new initTour ,1 ,3830 ,3830 ,38 ,0 ,57.9808 ,8.22053 ,5.86767
local optima ,1 ,3944 ,3944 ,38 ,114 ,8.31387 ,8.22053 ,6.05096
new initTour ,1 ,3944 ,3944 ,39 ,0 ,53.801 ,8.22053 ,6.05101
local optima ,1 ,4048 ,4048 ,39 ,104 ,8.61899 ,8.22053 ,6.20605
new initTour ,1 ,4048 ,4048 ,40 ,0 ,55.4122 ,8.22053 ,6.2061
local optima ,1 ,4156 ,4156 ,40 ,108 ,8.66609 ,8.22053 ,6.37282
new initTour ,1 ,4156 ,4156 ,41 ,0 ,55.5697 ,8.22053 ,6.37288
local optima ,1 ,4257 ,4257 ,41 ,101 ,8.5445 ,8.22053 ,6.51943
new initTour ,1 ,4257 ,4257 ,42 ,0 ,56.3734 ,8.22053 ,6.51948
local optima ,1 ,4363 ,4363 ,42 ,106 ,8.57493 ,8.22053 ,6.69119
new initTour ,1 ,4363 ,4363 ,43 ,0 ,53.9671 ,8.22053 ,6.69125
local optima ,1 ,4469 ,4469 ,43 ,106 ,8.99075 ,8.22053 ,6.84328
new initTour ,1 ,4469 ,4469 ,44 ,0 ,54.7883 ,8.22053 ,6.84334
local optima ,1 ,4577 ,4577 ,44 ,108 ,8.46758 ,8.22053 ,7.00139
new initTour ,1 ,4577 ,4577 ,45 ,0 ,55.9776 ,8.22053 ,7.00145
local optima ,1 ,4681 ,4681 ,45 ,104 ,8.90864 ,8.22053 ,7.14662
new initTour ,1 ,4681 ,4681 ,46 ,0 ,54.6531 ,8.22053 ,7.14667
local optima ,1 ,4778 ,4778 ,46 ,97 ,8.88714 ,8.22053 ,7.29493
new initTour ,1 ,4778 ,4778 ,47 ,0 ,58.0089 ,8.22053 ,7.29498
local optima ,1 ,4879 ,4879 ,47 ,101 ,8.68942 ,8.22053 ,7.47273
new initTour ,1 ,4879 ,4879 ,48 ,0 ,58.4976 ,8.22053 ,7.47279
local optima ,1 ,4990 ,4990 ,48 ,111 ,8.24186 ,8.22053 ,7.6592
new initTour ,1 ,4990 ,4990 ,49 ,0 ,54.5188 ,8.22053 ,7.65927
local optima ,1 ,5094 ,5094 ,49 ,104 ,9.14011 ,8.22053 ,7.81769
new initTour ,1 ,5094 ,5094 ,50 ,0 ,56.0528 ,8.22053 ,7.81775
local optima ,1 ,5197 ,5197 ,50 ,103 ,8.74854 ,8.22053 ,7.98382
new initTour ,1 ,5197 ,5197 ,51 ,0 ,53.9512 ,8.22053 ,7.98388
local optima ,1 ,5305 ,5305 ,51 ,108 ,8.33103 ,8.22053 ,8.14339
new initTour ,1 ,5305 ,5305 ,52 ,0 ,52.2395 ,8.22053 ,8.14344
local optima ,1 ,5410 ,5410 ,52 ,105 ,8.39803 ,8.22053 ,8.29852
new initTour ,1 ,5410 ,5410 ,53 ,0 ,55.7879 ,8.22053 ,8.29857
local optima ,1 ,5517 ,5517 ,53 ,107 ,8.92374 ,8.22053 ,8.46321
new initTour ,1 ,5517 ,5517 ,54 ,0 ,58.3506 ,8.22053 ,8.46326
local optima ,1 ,5611 ,5611 ,54 ,94 ,8.52632 ,8.22053 ,8.63739
new initTour ,1 ,5611 ,5611 ,55 ,0 ,56.5174 ,8.22053 ,8.63745
local optima ,1 ,5716 ,5716 ,55 ,105 ,8.7098 ,8.22053 ,8.80245
new initTour ,1 ,5716 ,5716 ,56 ,0 ,56.449 ,8.22053 ,8.8025
local optima ,1 ,5822 ,5822 ,56 ,106 ,8.50203 ,8.22053 ,8.97709
new initTour ,1 ,5822 ,5822 ,57 ,0 ,58.5185 ,8.22053 ,8.97715
local optima ,1 ,5922 ,5922 ,57 ,100 ,8.4545 ,8.22053 ,9.15797
new initTour ,1 ,5922 ,5922 ,58 ,0 ,51.8552 ,8.22053 ,9.15803
local optima ,1 ,6016 ,6016 ,58 ,94 ,8.42888 ,8.22053 ,9.29553
new initTour ,1 ,6016 ,6016 ,59 ,0 ,54.1697 ,8.22053 ,9.29559
local optima ,1 ,6124 ,6124 ,59 ,108 ,8.50076 ,8.22053 ,9.45251
new initTour ,1 ,6124 ,6124 ,60 ,0 ,62.6105 ,8.22053 ,9.45257
local optima ,1 ,6227 ,6227 ,60 ,103 ,8.33947 ,8.22053 ,9.65593
new initTour ,1 ,6227 ,6227 ,61 ,0 ,55.6721 ,8.22053 ,9.65598
local optima ,1 ,6325 ,6325 ,61 ,98 ,8.587 ,8.22053 ,9.81078
new initTour ,1 ,6325 ,6325 ,62 ,0 ,55.0894 ,8.22053 ,9.81085
epi end ,1 ,6401 ,6401 ,62 ,76 ,9.45035 ,8.22053 ,9.95937
epi begin ,2 ,1 ,6401 ,62 ,76 ,9.45035 ,8.22053 ,34.2156
local optima ,2 ,40 ,6440 ,62 ,115 ,8.25896 ,8.22053 ,34.2218
new initTour ,2 ,40 ,6440 ,63 ,0 ,56.9378 ,8.22053 ,34.2219
local optima ,2 ,671 ,7071 ,63 ,631 ,8.5994 ,8.22053 ,35.6725
new initTour ,2 ,671 ,7071 ,64 ,0 ,53.0636 ,8.22053 ,35.6726
local optima ,2 ,1278 ,7678 ,64 ,607 ,8.75727 ,8.22053 ,36.9221
new initTour ,2 ,1278 ,7678 ,65 ,0 ,56.6448 ,8.22053 ,36.9222
local optima ,2 ,2050 ,8450 ,65 ,772 ,9.37 ,8.22053 ,39.0272
new initTour ,2 ,2050 ,8450 ,66 ,0 ,55.1212 ,8.22053 ,39.0273
local optima ,2 ,2817 ,9217 ,66 ,767 ,9.30643 ,8.22053 ,40.7701
new initTour ,2 ,2817 ,9217 ,67 ,0 ,53.6591 ,8.22053 ,40.7702
local optima ,2 ,3464 ,9864 ,67 ,647 ,8.84066 ,8.22053 ,42.2621
new initTour ,2 ,3464 ,9864 ,68 ,0 ,58.7499 ,8.22053 ,42.2621
local optima ,2 ,4242 ,10642 ,68 ,778 ,8.65536 ,8.22053 ,44.1634
new initTour ,2 ,4242 ,10642 ,69 ,0 ,56.9634 ,8.22053 ,44.1635
local optima ,2 ,5011 ,11411 ,69 ,769 ,9.1793 ,8.22053 ,46.1872
new initTour ,2 ,5011 ,11411 ,70 ,0 ,58.3813 ,8.22053 ,46.1872
local optima ,2 ,5782 ,12182 ,70 ,771 ,8.55659 ,8.22053 ,48.1316
new initTour ,2 ,5782 ,12182 ,71 ,0 ,52.9407 ,8.22053 ,48.1316
local optima ,2 ,6392 ,12792 ,71 ,610 ,8.70302 ,8.22053 ,49.3657
new initTour ,2 ,6392 ,12792 ,72 ,0 ,56.0446 ,8.22053 ,49.3657
epi end ,2 ,6401 ,12801 ,72 ,9 ,55.1375 ,8.22053 ,49.445
epi begin ,3 ,1 ,12801 ,72 ,9 ,55.1375 ,8.22053 ,73.2435
learn ends ,3 ,2 ,12802 ,72 ,10 ,54.8595 ,8.22053 ,73.2529
