Event, epi, step, time, tourCount, swapCount, nowScore, bestScore, sec 
learn begin ,1 ,1 ,1 ,1 ,0 ,54.366 ,54.366 ,0.000102
update best ,1 ,100 ,100 ,1 ,100 ,8.81284 ,8.81284 ,0.20577
local optima ,1 ,101 ,101 ,1 ,100 ,8.81284 ,8.81284 ,0.205838
new initTour ,1 ,101 ,101 ,2 ,0 ,55.2578 ,8.81284 ,0.205899
update best ,1 ,202 ,202 ,2 ,102 ,8.66931 ,8.66931 ,0.449749
local optima ,1 ,203 ,203 ,2 ,102 ,8.66931 ,8.66931 ,0.44982
new initTour ,1 ,203 ,203 ,3 ,0 ,58.0942 ,8.66931 ,0.449883
update best ,1 ,306 ,306 ,3 ,104 ,8.11997 ,8.11997 ,0.711542
local optima ,1 ,307 ,307 ,3 ,104 ,8.11997 ,8.11997 ,0.711609
new initTour ,1 ,307 ,307 ,4 ,0 ,51.1395 ,8.11997 ,0.711675
local optima ,1 ,414 ,414 ,4 ,107 ,8.51752 ,8.11997 ,0.910355
new initTour ,1 ,414 ,414 ,5 ,0 ,50.4712 ,8.11997 ,0.91042
local optima ,1 ,511 ,511 ,5 ,97 ,8.66014 ,8.11997 ,1.09862
new initTour ,1 ,511 ,511 ,6 ,0 ,52.1398 ,8.11997 ,1.09868
update best ,1 ,615 ,615 ,6 ,105 ,8.11748 ,8.11748 ,1.30539
local optima ,1 ,616 ,616 ,6 ,105 ,8.11748 ,8.11748 ,1.30546
new initTour ,1 ,616 ,616 ,7 ,0 ,56.1085 ,8.11748 ,1.30553
local optima ,1 ,724 ,724 ,7 ,108 ,8.64767 ,8.11748 ,1.55439
new initTour ,1 ,724 ,724 ,8 ,0 ,54.8838 ,8.11748 ,1.55445
local optima ,1 ,826 ,826 ,8 ,102 ,8.46687 ,8.11748 ,1.77116
new initTour ,1 ,826 ,826 ,9 ,0 ,52.4773 ,8.11748 ,1.77123
local optima ,1 ,935 ,935 ,9 ,109 ,8.69582 ,8.11748 ,1.97969
new initTour ,1 ,935 ,935 ,10 ,0 ,52.8173 ,8.11748 ,1.97975
local optima ,1 ,1036 ,1036 ,10 ,101 ,8.71698 ,8.11748 ,2.19921
new initTour ,1 ,1036 ,1036 ,11 ,0 ,56.6079 ,8.11748 ,2.19928
local optima ,1 ,1153 ,1153 ,11 ,117 ,8.28081 ,8.11748 ,2.45067
new initTour ,1 ,1153 ,1153 ,12 ,0 ,59.1906 ,8.11748 ,2.45073
local optima ,1 ,1259 ,1259 ,12 ,106 ,8.45253 ,8.11748 ,2.71772
new initTour ,1 ,1259 ,1259 ,13 ,0 ,56.6632 ,8.11748 ,2.71778
local optima ,1 ,1365 ,1365 ,13 ,106 ,8.45795 ,8.11748 ,2.94678
new initTour ,1 ,1365 ,1365 ,14 ,0 ,52.5012 ,8.11748 ,2.94684
local optima ,1 ,1467 ,1467 ,14 ,102 ,8.63385 ,8.11748 ,3.13817
new initTour ,1 ,1467 ,1467 ,15 ,0 ,53.9736 ,8.11748 ,3.13823
local optima ,1 ,1573 ,1573 ,15 ,106 ,8.32414 ,8.11748 ,3.34232
new initTour ,1 ,1573 ,1573 ,16 ,0 ,49.2289 ,8.11748 ,3.34239
local optima ,1 ,1679 ,1679 ,16 ,106 ,8.33442 ,8.11748 ,3.52635
new initTour ,1 ,1679 ,1679 ,17 ,0 ,56.408 ,8.11748 ,3.52641
local optima ,1 ,1790 ,1790 ,17 ,111 ,8.41265 ,8.11748 ,3.78184
new initTour ,1 ,1790 ,1790 ,18 ,0 ,53.1632 ,8.11748 ,3.7819
local optima ,1 ,1894 ,1894 ,18 ,104 ,8.15003 ,8.11748 ,3.9835
new initTour ,1 ,1894 ,1894 ,19 ,0 ,58.8698 ,8.11748 ,3.98357
local optima ,1 ,1989 ,1989 ,19 ,95 ,9.04246 ,8.11748 ,4.24338
new initTour ,1 ,1989 ,1989 ,20 ,0 ,56.5041 ,8.11748 ,4.24344
local optima ,1 ,2096 ,2096 ,20 ,107 ,8.37082 ,8.11748 ,4.49455
new initTour ,1 ,2096 ,2096 ,21 ,0 ,54.1398 ,8.11748 ,4.49461
update best ,1 ,2196 ,2196 ,21 ,101 ,8.09961 ,8.09961 ,4.7391
local optima ,1 ,2197 ,2197 ,21 ,101 ,8.09961 ,8.09961 ,4.73917
new initTour ,1 ,2197 ,2197 ,22 ,0 ,55.3534 ,8.09961 ,4.73923
local optima ,1 ,2308 ,2308 ,22 ,111 ,8.49902 ,8.09961 ,4.98217
new initTour ,1 ,2308 ,2308 ,23 ,0 ,52.261 ,8.09961 ,4.98223
local optima ,1 ,2420 ,2420 ,23 ,112 ,8.64517 ,8.09961 ,5.19702
new initTour ,1 ,2420 ,2420 ,24 ,0 ,55.894 ,8.09961 ,5.19708
local optima ,1 ,2525 ,2525 ,24 ,105 ,8.45037 ,8.09961 ,5.44572
new initTour ,1 ,2525 ,2525 ,25 ,0 ,55.571 ,8.09961 ,5.44579
local optima ,1 ,2624 ,2624 ,25 ,99 ,8.82243 ,8.09961 ,5.65686
new initTour ,1 ,2624 ,2624 ,26 ,0 ,54.4549 ,8.09961 ,5.65692
local optima ,1 ,2727 ,2727 ,26 ,103 ,8.75549 ,8.09961 ,5.86379
new initTour ,1 ,2727 ,2727 ,27 ,0 ,55.3777 ,8.09961 ,5.86385
local optima ,1 ,2827 ,2827 ,27 ,100 ,8.58076 ,8.09961 ,6.09529
new initTour ,1 ,2827 ,2827 ,28 ,0 ,53.145 ,8.09961 ,6.09535
local optima ,1 ,2932 ,2932 ,28 ,105 ,8.49338 ,8.09961 ,6.3116
new initTour ,1 ,2932 ,2932 ,29 ,0 ,55.4298 ,8.09961 ,6.31166
local optima ,1 ,3047 ,3047 ,29 ,115 ,8.84032 ,8.09961 ,6.55935
new initTour ,1 ,3047 ,3047 ,30 ,0 ,51.6252 ,8.09961 ,6.55941
local optima ,1 ,3156 ,3156 ,30 ,109 ,8.54602 ,8.09961 ,6.76591
new initTour ,1 ,3156 ,3156 ,31 ,0 ,56.3588 ,8.09961 ,6.76598
local optima ,1 ,3260 ,3260 ,31 ,104 ,8.59727 ,8.09961 ,6.99425
new initTour ,1 ,3260 ,3260 ,32 ,0 ,63.1793 ,8.09961 ,6.99431
local optima ,1 ,3364 ,3364 ,32 ,104 ,8.52057 ,8.09961 ,7.30922
new initTour ,1 ,3364 ,3364 ,33 ,0 ,52.6229 ,8.09961 ,7.30928
local optima ,1 ,3469 ,3469 ,33 ,105 ,8.35777 ,8.09961 ,7.51558
new initTour ,1 ,3469 ,3469 ,34 ,0 ,54.7369 ,8.09961 ,7.51565
local optima ,1 ,3574 ,3574 ,34 ,105 ,8.45948 ,8.09961 ,7.7398
new initTour ,1 ,3574 ,3574 ,35 ,0 ,54.9884 ,8.09961 ,7.73987
local optima ,1 ,3687 ,3687 ,35 ,113 ,8.2042 ,8.09961 ,7.98393
new initTour ,1 ,3687 ,3687 ,36 ,0 ,56.7256 ,8.09961 ,7.984
local optima ,1 ,3786 ,3786 ,36 ,99 ,9.06287 ,8.09961 ,8.21839
new initTour ,1 ,3786 ,3786 ,37 ,0 ,55.831 ,8.09961 ,8.21845
local optima ,1 ,3882 ,3882 ,37 ,96 ,8.36464 ,8.09961 ,8.46011
new initTour ,1 ,3882 ,3882 ,38 ,0 ,54.7328 ,8.09961 ,8.46017
local optima ,1 ,3986 ,3986 ,38 ,104 ,8.39999 ,8.09961 ,8.67711
new initTour ,1 ,3986 ,3986 ,39 ,0 ,57.6169 ,8.09961 ,8.67718
local optima ,1 ,4090 ,4090 ,39 ,104 ,8.78645 ,8.09961 ,8.92591
new initTour ,1 ,4090 ,4090 ,40 ,0 ,55.4655 ,8.09961 ,8.92596
local optima ,1 ,4195 ,4195 ,40 ,105 ,8.98781 ,8.09961 ,9.15626
new initTour ,1 ,4195 ,4195 ,41 ,0 ,58.0385 ,8.09961 ,9.15632
local optima ,1 ,4297 ,4297 ,41 ,102 ,8.89878 ,8.09961 ,9.40585
new initTour ,1 ,4297 ,4297 ,42 ,0 ,55.5326 ,8.09961 ,9.40591
local optima ,1 ,4404 ,4404 ,42 ,107 ,8.23092 ,8.09961 ,9.63063
new initTour ,1 ,4404 ,4404 ,43 ,0 ,57.4931 ,8.09961 ,9.63069
local optima ,1 ,4507 ,4507 ,43 ,103 ,8.78888 ,8.09961 ,9.89447
new initTour ,1 ,4507 ,4507 ,44 ,0 ,56.221 ,8.09961 ,9.89453
local optima ,1 ,4609 ,4609 ,44 ,102 ,8.49515 ,8.09961 ,10.1335
new initTour ,1 ,4609 ,4609 ,45 ,0 ,55.0261 ,8.09961 ,10.1335
local optima ,1 ,4706 ,4706 ,45 ,97 ,8.76286 ,8.09961 ,10.3576
new initTour ,1 ,4706 ,4706 ,46 ,0 ,55.0243 ,8.09961 ,10.3576
local optima ,1 ,4809 ,4809 ,46 ,103 ,8.60124 ,8.09961 ,10.5865
new initTour ,1 ,4809 ,4809 ,47 ,0 ,52.8122 ,8.09961 ,10.5865
local optima ,1 ,4920 ,4920 ,47 ,111 ,8.55408 ,8.09961 ,10.7972
new initTour ,1 ,4920 ,4920 ,48 ,0 ,54.19 ,8.09961 ,10.7973
local optima ,1 ,5015 ,5015 ,48 ,95 ,8.57029 ,8.09961 ,11.0192
new initTour ,1 ,5015 ,5015 ,49 ,0 ,52.3158 ,8.09961 ,11.0193
local optima ,1 ,5128 ,5128 ,49 ,113 ,8.22783 ,8.09961 ,11.2326
new initTour ,1 ,5128 ,5128 ,50 ,0 ,61.3144 ,8.09961 ,11.2327
local optima ,1 ,5238 ,5238 ,50 ,110 ,8.67728 ,8.09961 ,11.5089
new initTour ,1 ,5238 ,5238 ,51 ,0 ,56.7618 ,8.09961 ,11.5089
local optima ,1 ,5339 ,5339 ,51 ,101 ,8.89396 ,8.09961 ,11.7555
new initTour ,1 ,5339 ,5339 ,52 ,0 ,53.8834 ,8.09961 ,11.7555
local optima ,1 ,5441 ,5441 ,52 ,102 ,8.58142 ,8.09961 ,11.9836
new initTour ,1 ,5441 ,5441 ,53 ,0 ,55.1972 ,8.09961 ,11.9837
local optima ,1 ,5541 ,5541 ,53 ,100 ,8.72349 ,8.09961 ,12.1995
new initTour ,1 ,5541 ,5541 ,54 ,0 ,54.3758 ,8.09961 ,12.1996
local optima ,1 ,5649 ,5649 ,54 ,108 ,8.59434 ,8.09961 ,12.4287
new initTour ,1 ,5649 ,5649 ,55 ,0 ,53.7038 ,8.09961 ,12.4288
local optima ,1 ,5755 ,5755 ,55 ,106 ,8.73202 ,8.09961 ,12.6367
new initTour ,1 ,5755 ,5755 ,56 ,0 ,57.7353 ,8.09961 ,12.6368
local optima ,1 ,5873 ,5873 ,56 ,118 ,8.58021 ,8.09961 ,12.8903
new initTour ,1 ,5873 ,5873 ,57 ,0 ,55.446 ,8.09961 ,12.8903
local optima ,1 ,5976 ,5976 ,57 ,103 ,8.97753 ,8.09961 ,13.1221
new initTour ,1 ,5976 ,5976 ,58 ,0 ,55.94 ,8.09961 ,13.1222
local optima ,1 ,6076 ,6076 ,58 ,100 ,8.58827 ,8.09961 ,13.3634
new initTour ,1 ,6076 ,6076 ,59 ,0 ,57.6647 ,8.09961 ,13.3635
local optima ,1 ,6188 ,6188 ,59 ,112 ,8.86153 ,8.09961 ,13.5948
new initTour ,1 ,6188 ,6188 ,60 ,0 ,58.2841 ,8.09961 ,13.5949
local optima ,1 ,6291 ,6291 ,60 ,103 ,8.54419 ,8.09961 ,13.8474
new initTour ,1 ,6291 ,6291 ,61 ,0 ,56.497 ,8.09961 ,13.8475
local optima ,1 ,6398 ,6398 ,61 ,107 ,8.32424 ,8.09961 ,14.1009
new initTour ,1 ,6398 ,6398 ,62 ,0 ,52.6998 ,8.09961 ,14.101
epi end ,1 ,6401 ,6401 ,62 ,3 ,47.6584 ,8.09961 ,14.137
epi begin ,2 ,1 ,6401 ,62 ,3 ,47.6584 ,8.09961 ,95.9854
learn ends ,2 ,2 ,6402 ,62 ,4 ,47.6329 ,8.09961 ,95.9965
