Event, epi, step, time, tourCount, swapCount, nowScore, bestScore, sec 
learn begin ,1 ,1 ,1 ,1 ,0 ,52.9977 ,52.9977 ,0.000138
update best ,1 ,99 ,99 ,1 ,99 ,8.47349 ,8.47349 ,0.187528
local optima ,1 ,100 ,100 ,1 ,99 ,8.47349 ,8.47349 ,0.187592
new initTour ,1 ,100 ,100 ,2 ,0 ,55.0357 ,8.47349 ,0.18765
update best ,1 ,206 ,206 ,2 ,107 ,8.46927 ,8.46927 ,0.404573
local optima ,1 ,207 ,207 ,2 ,107 ,8.46927 ,8.46927 ,0.404639
new initTour ,1 ,207 ,207 ,3 ,0 ,57.01 ,8.46927 ,0.404698
local optima ,1 ,312 ,312 ,3 ,105 ,8.48887 ,8.46927 ,0.640549
new initTour ,1 ,312 ,312 ,4 ,0 ,54.5399 ,8.46927 ,0.640607
local optima ,1 ,409 ,409 ,4 ,97 ,8.8629 ,8.46927 ,0.859721
new initTour ,1 ,409 ,409 ,5 ,0 ,58.8076 ,8.46927 ,0.859782
local optima ,1 ,512 ,512 ,5 ,103 ,8.66122 ,8.46927 ,1.11389
new initTour ,1 ,512 ,512 ,6 ,0 ,53.7142 ,8.46927 ,1.11394
update best ,1 ,616 ,616 ,6 ,105 ,8.37792 ,8.37792 ,1.31437
local optima ,1 ,617 ,617 ,6 ,105 ,8.37792 ,8.37792 ,1.31443
new initTour ,1 ,617 ,617 ,7 ,0 ,58.1893 ,8.37792 ,1.31449
update best ,1 ,725 ,725 ,7 ,109 ,8.33196 ,8.33196 ,1.56425
local optima ,1 ,726 ,726 ,7 ,109 ,8.33196 ,8.33196 ,1.56431
new initTour ,1 ,726 ,726 ,8 ,0 ,58.4539 ,8.33196 ,1.56437
local optima ,1 ,829 ,829 ,8 ,103 ,8.92974 ,8.33196 ,1.79943
new initTour ,1 ,829 ,829 ,9 ,0 ,56.8324 ,8.33196 ,1.79949
local optima ,1 ,951 ,951 ,9 ,122 ,8.53087 ,8.33196 ,2.04683
new initTour ,1 ,951 ,951 ,10 ,0 ,53.7689 ,8.33196 ,2.04696
local optima ,1 ,1061 ,1061 ,10 ,110 ,8.82762 ,8.33196 ,2.25677
new initTour ,1 ,1061 ,1061 ,11 ,0 ,56.4153 ,8.33196 ,2.25683
local optima ,1 ,1164 ,1164 ,11 ,103 ,8.58692 ,8.33196 ,2.48122
new initTour ,1 ,1164 ,1164 ,12 ,0 ,52.3536 ,8.33196 ,2.48127
local optima ,1 ,1264 ,1264 ,12 ,100 ,8.70468 ,8.33196 ,2.66255
new initTour ,1 ,1264 ,1264 ,13 ,0 ,58.6042 ,8.33196 ,2.66261
local optima ,1 ,1371 ,1371 ,13 ,107 ,8.63699 ,8.33196 ,2.89826
new initTour ,1 ,1371 ,1371 ,14 ,0 ,55.101 ,8.33196 ,2.89832
local optima ,1 ,1474 ,1474 ,14 ,103 ,8.81497 ,8.33196 ,3.1072
new initTour ,1 ,1474 ,1474 ,15 ,0 ,58.0413 ,8.33196 ,3.10725
local optima ,1 ,1579 ,1579 ,15 ,105 ,8.80123 ,8.33196 ,3.34621
new initTour ,1 ,1579 ,1579 ,16 ,0 ,57.162 ,8.33196 ,3.34631
local optima ,1 ,1672 ,1672 ,16 ,93 ,8.64661 ,8.33196 ,3.55462
new initTour ,1 ,1672 ,1672 ,17 ,0 ,55.8715 ,8.33196 ,3.55468
local optima ,1 ,1778 ,1778 ,17 ,106 ,8.39221 ,8.33196 ,3.78015
new initTour ,1 ,1778 ,1778 ,18 ,0 ,52.5812 ,8.33196 ,3.78021
local optima ,1 ,1879 ,1879 ,18 ,101 ,9.0634 ,8.33196 ,3.97126
new initTour ,1 ,1879 ,1879 ,19 ,0 ,55.3884 ,8.33196 ,3.97132
local optima ,1 ,1981 ,1981 ,19 ,102 ,8.49169 ,8.33196 ,4.18003
new initTour ,1 ,1981 ,1981 ,20 ,0 ,52.9756 ,8.33196 ,4.18009
local optima ,1 ,2082 ,2082 ,20 ,101 ,8.63857 ,8.33196 ,4.37185
new initTour ,1 ,2082 ,2082 ,21 ,0 ,52.571 ,8.33196 ,4.37191
local optima ,1 ,2190 ,2190 ,21 ,108 ,8.34199 ,8.33196 ,4.56646
new initTour ,1 ,2190 ,2190 ,22 ,0 ,57.0044 ,8.33196 ,4.56651
local optima ,1 ,2286 ,2286 ,22 ,96 ,8.45664 ,8.33196 ,4.78892
new initTour ,1 ,2286 ,2286 ,23 ,0 ,55.8428 ,8.33196 ,4.78898
local optima ,1 ,2402 ,2402 ,23 ,116 ,8.79194 ,8.33196 ,5.01258
new initTour ,1 ,2402 ,2402 ,24 ,0 ,55.2634 ,8.33196 ,5.01264
local optima ,1 ,2508 ,2508 ,24 ,106 ,8.64837 ,8.33196 ,5.22839
new initTour ,1 ,2508 ,2508 ,25 ,0 ,54.7208 ,8.33196 ,5.22845
local optima ,1 ,2619 ,2619 ,25 ,111 ,8.57468 ,8.33196 ,5.42729
new initTour ,1 ,2619 ,2619 ,26 ,0 ,56.367 ,8.33196 ,5.42734
local optima ,1 ,2729 ,2729 ,26 ,110 ,8.38962 ,8.33196 ,5.66702
new initTour ,1 ,2729 ,2729 ,27 ,0 ,58.5627 ,8.33196 ,5.66707
local optima ,1 ,2835 ,2835 ,27 ,106 ,8.46411 ,8.33196 ,5.91454
new initTour ,1 ,2835 ,2835 ,28 ,0 ,58.5941 ,8.33196 ,5.9146
local optima ,1 ,2949 ,2949 ,28 ,114 ,8.72025 ,8.33196 ,6.17337
new initTour ,1 ,2949 ,2949 ,29 ,0 ,56.6993 ,8.33196 ,6.17342
local optima ,1 ,3058 ,3058 ,29 ,109 ,8.44733 ,8.33196 ,6.41863
new initTour ,1 ,3058 ,3058 ,30 ,0 ,57.6382 ,8.33196 ,6.41869
local optima ,1 ,3161 ,3161 ,30 ,103 ,8.71807 ,8.33196 ,6.64882
new initTour ,1 ,3161 ,3161 ,31 ,0 ,56.9298 ,8.33196 ,6.64888
local optima ,1 ,3267 ,3267 ,31 ,106 ,8.60408 ,8.33196 ,6.87106
new initTour ,1 ,3267 ,3267 ,32 ,0 ,54.6646 ,8.33196 ,6.87114
local optima ,1 ,3364 ,3364 ,32 ,97 ,8.5534 ,8.33196 ,7.0703
new initTour ,1 ,3364 ,3364 ,33 ,0 ,60.6386 ,8.33196 ,7.07036
local optima ,1 ,3474 ,3474 ,33 ,110 ,8.54933 ,8.33196 ,7.3438
new initTour ,1 ,3474 ,3474 ,34 ,0 ,53.0687 ,8.33196 ,7.34386
local optima ,1 ,3577 ,3577 ,34 ,103 ,8.65202 ,8.33196 ,7.53366
new initTour ,1 ,3577 ,3577 ,35 ,0 ,54.7333 ,8.33196 ,7.53371
update best ,1 ,3673 ,3673 ,35 ,97 ,8.19988 ,8.19988 ,7.74338
local optima ,1 ,3674 ,3674 ,35 ,97 ,8.19988 ,8.19988 ,7.74344
new initTour ,1 ,3674 ,3674 ,36 ,0 ,54.4232 ,8.19988 ,7.74349
local optima ,1 ,3772 ,3772 ,36 ,98 ,8.62459 ,8.19988 ,7.95357
new initTour ,1 ,3772 ,3772 ,37 ,0 ,54.9534 ,8.19988 ,7.95363
local optima ,1 ,3881 ,3881 ,37 ,109 ,8.42148 ,8.19988 ,8.16504
new initTour ,1 ,3881 ,3881 ,38 ,0 ,58.653 ,8.19988 ,8.1651
local optima ,1 ,3985 ,3985 ,38 ,104 ,8.39439 ,8.19988 ,8.40946
new initTour ,1 ,3985 ,3985 ,39 ,0 ,62.6502 ,8.19988 ,8.40952
local optima ,1 ,4104 ,4104 ,39 ,119 ,8.2332 ,8.19988 ,8.68294
new initTour ,1 ,4104 ,4104 ,40 ,0 ,61.1674 ,8.19988 ,8.683
local optima ,1 ,4220 ,4220 ,40 ,116 ,8.31016 ,8.19988 ,8.95239
new initTour ,1 ,4220 ,4220 ,41 ,0 ,56.012 ,8.19988 ,8.95245
local optima ,1 ,4327 ,4327 ,41 ,107 ,8.61408 ,8.19988 ,9.17297
new initTour ,1 ,4327 ,4327 ,42 ,0 ,55.5308 ,8.19988 ,9.17303
local optima ,1 ,4433 ,4433 ,42 ,106 ,8.73307 ,8.19988 ,9.39472
new initTour ,1 ,4433 ,4433 ,43 ,0 ,57.7718 ,8.19988 ,9.39478
local optima ,1 ,4535 ,4535 ,43 ,102 ,8.85525 ,8.19988 ,9.6282
new initTour ,1 ,4535 ,4535 ,44 ,0 ,50.8674 ,8.19988 ,9.62825
local optima ,1 ,4627 ,4627 ,44 ,92 ,9.10137 ,8.19988 ,9.80421
new initTour ,1 ,4627 ,4627 ,45 ,0 ,51.0462 ,8.19988 ,9.80427
local optima ,1 ,4728 ,4728 ,45 ,101 ,8.60726 ,8.19988 ,9.97821
new initTour ,1 ,4728 ,4728 ,46 ,0 ,51.8991 ,8.19988 ,9.97826
local optima ,1 ,4832 ,4832 ,46 ,104 ,8.28629 ,8.19988 ,10.1668
new initTour ,1 ,4832 ,4832 ,47 ,0 ,52.6914 ,8.19988 ,10.1669
local optima ,1 ,4931 ,4931 ,47 ,99 ,8.8402 ,8.19988 ,10.35
new initTour ,1 ,4931 ,4931 ,48 ,0 ,57.2482 ,8.19988 ,10.3501
local optima ,1 ,5047 ,5047 ,48 ,116 ,8.29492 ,8.19988 ,10.5979
new initTour ,1 ,5047 ,5047 ,49 ,0 ,55.5074 ,8.19988 ,10.598
local optima ,1 ,5146 ,5146 ,49 ,99 ,8.66752 ,8.19988 ,10.7976
new initTour ,1 ,5146 ,5146 ,50 ,0 ,53.3321 ,8.19988 ,10.7977
local optima ,1 ,5248 ,5248 ,50 ,102 ,8.68698 ,8.19988 ,10.994
new initTour ,1 ,5248 ,5248 ,51 ,0 ,52.0769 ,8.19988 ,10.994
local optima ,1 ,5353 ,5353 ,51 ,105 ,8.68427 ,8.19988 ,11.1824
new initTour ,1 ,5353 ,5353 ,52 ,0 ,56.1556 ,8.19988 ,11.1825
local optima ,1 ,5449 ,5449 ,52 ,96 ,8.46506 ,8.19988 ,11.3809
new initTour ,1 ,5449 ,5449 ,53 ,0 ,57.4525 ,8.19988 ,11.381
local optima ,1 ,5558 ,5558 ,53 ,109 ,8.47085 ,8.19988 ,11.6053
new initTour ,1 ,5558 ,5558 ,54 ,0 ,59.8845 ,8.19988 ,11.6054
local optima ,1 ,5668 ,5668 ,54 ,110 ,8.43658 ,8.19988 ,11.8485
new initTour ,1 ,5668 ,5668 ,55 ,0 ,54.096 ,8.19988 ,11.8486
local optima ,1 ,5774 ,5774 ,55 ,106 ,8.51396 ,8.19988 ,12.0433
new initTour ,1 ,5774 ,5774 ,56 ,0 ,58.7926 ,8.19988 ,12.0433
local optima ,1 ,5884 ,5884 ,56 ,110 ,8.577 ,8.19988 ,12.2857
new initTour ,1 ,5884 ,5884 ,57 ,0 ,55.2401 ,8.19988 ,12.2858
local optima ,1 ,5994 ,5994 ,57 ,110 ,8.83353 ,8.19988 ,12.4886
new initTour ,1 ,5994 ,5994 ,58 ,0 ,56.3372 ,8.19988 ,12.4886
local optima ,1 ,6102 ,6102 ,58 ,108 ,8.49603 ,8.19988 ,12.7068
new initTour ,1 ,6102 ,6102 ,59 ,0 ,55.8956 ,8.19988 ,12.7068
local optima ,1 ,6210 ,6210 ,59 ,108 ,8.78877 ,8.19988 ,12.9302
new initTour ,1 ,6210 ,6210 ,60 ,0 ,57.7957 ,8.19988 ,12.9303
local optima ,1 ,6324 ,6324 ,60 ,114 ,8.24352 ,8.19988 ,13.1666
new initTour ,1 ,6324 ,6324 ,61 ,0 ,51.1883 ,8.19988 ,13.1666
epi end ,1 ,6401 ,6401 ,61 ,77 ,9.23769 ,8.19988 ,13.3305
epi begin ,2 ,1 ,6401 ,61 ,77 ,9.23769 ,8.19988 ,83.5549
learn ends ,2 ,2 ,6402 ,61 ,78 ,9.21783 ,8.19988 ,83.5552
