Event, epi, step, time, tourCount, swapCount, nowScore, bestScore, sec 
learn begin ,1 ,1 ,1 ,1 ,0 ,55.2289 ,55.2289 ,0.000103
update best ,1 ,105 ,105 ,1 ,105 ,8.33822 ,8.33822 ,0.272414
local optima ,1 ,106 ,106 ,1 ,105 ,8.33822 ,8.33822 ,0.272478
new initTour ,1 ,106 ,106 ,2 ,0 ,59.0004 ,8.33822 ,0.272543
update best ,1 ,217 ,217 ,2 ,112 ,8.05646 ,8.05646 ,0.572702
local optima ,1 ,218 ,218 ,2 ,112 ,8.05646 ,8.05646 ,0.572768
new initTour ,1 ,218 ,218 ,3 ,0 ,54.7285 ,8.05646 ,0.572833
local optima ,1 ,324 ,324 ,3 ,106 ,8.57963 ,8.05646 ,0.841801
new initTour ,1 ,324 ,324 ,4 ,0 ,57.0133 ,8.05646 ,0.841865
local optima ,1 ,419 ,419 ,4 ,95 ,8.87552 ,8.05646 ,1.13312
new initTour ,1 ,419 ,419 ,5 ,0 ,54.7824 ,8.05646 ,1.13318
local optima ,1 ,521 ,521 ,5 ,102 ,8.41301 ,8.05646 ,1.40139
new initTour ,1 ,521 ,521 ,6 ,0 ,58.5081 ,8.05646 ,1.40145
local optima ,1 ,624 ,624 ,6 ,103 ,8.89791 ,8.05646 ,1.72036
new initTour ,1 ,624 ,624 ,7 ,0 ,53.0817 ,8.05646 ,1.72042
local optima ,1 ,721 ,721 ,7 ,97 ,8.75758 ,8.05646 ,1.97604
new initTour ,1 ,721 ,721 ,8 ,0 ,55.6394 ,8.05646 ,1.9761
local optima ,1 ,830 ,830 ,8 ,109 ,8.6642 ,8.05646 ,2.25107
new initTour ,1 ,830 ,830 ,9 ,0 ,55.3259 ,8.05646 ,2.25114
local optima ,1 ,936 ,936 ,9 ,106 ,8.92857 ,8.05646 ,2.52158
new initTour ,1 ,936 ,936 ,10 ,0 ,53.8493 ,8.05646 ,2.52164
local optima ,1 ,1033 ,1033 ,10 ,97 ,8.50418 ,8.05646 ,2.77341
new initTour ,1 ,1033 ,1033 ,11 ,0 ,57.0233 ,8.05646 ,2.77347
local optima ,1 ,1141 ,1141 ,11 ,108 ,9.20505 ,8.05646 ,3.08365
new initTour ,1 ,1141 ,1141 ,12 ,0 ,55.6061 ,8.05646 ,3.08371
local optima ,1 ,1250 ,1250 ,12 ,109 ,8.53969 ,8.05646 ,3.37143
new initTour ,1 ,1250 ,1250 ,13 ,0 ,57.4154 ,8.05646 ,3.3715
local optima ,1 ,1351 ,1351 ,13 ,101 ,8.33096 ,8.05646 ,3.64539
new initTour ,1 ,1351 ,1351 ,14 ,0 ,54.959 ,8.05646 ,3.64545
local optima ,1 ,1459 ,1459 ,14 ,108 ,8.25291 ,8.05646 ,3.92039
new initTour ,1 ,1459 ,1459 ,15 ,0 ,54.6009 ,8.05646 ,3.92045
local optima ,1 ,1564 ,1564 ,15 ,105 ,8.81109 ,8.05646 ,4.20179
new initTour ,1 ,1564 ,1564 ,16 ,0 ,59.8775 ,8.05646 ,4.20186
local optima ,1 ,1666 ,1666 ,16 ,102 ,8.64943 ,8.05646 ,4.53993
new initTour ,1 ,1666 ,1666 ,17 ,0 ,54.4382 ,8.05646 ,4.54
local optima ,1 ,1777 ,1777 ,17 ,111 ,8.43466 ,8.05646 ,4.80476
new initTour ,1 ,1777 ,1777 ,18 ,0 ,60.2536 ,8.05646 ,4.80483
local optima ,1 ,1882 ,1882 ,18 ,105 ,8.64295 ,8.05646 ,5.1442
new initTour ,1 ,1882 ,1882 ,19 ,0 ,51.4289 ,8.05646 ,5.14426
local optima ,1 ,1980 ,1980 ,19 ,98 ,8.91649 ,8.05646 ,5.38753
new initTour ,1 ,1980 ,1980 ,20 ,0 ,53.3445 ,8.05646 ,5.38759
local optima ,1 ,2076 ,2076 ,20 ,96 ,8.96426 ,8.05646 ,5.64788
new initTour ,1 ,2076 ,2076 ,21 ,0 ,59.6283 ,8.05646 ,5.64795
local optima ,1 ,2183 ,2183 ,21 ,107 ,8.38613 ,8.05646 ,5.99481
new initTour ,1 ,2183 ,2183 ,22 ,0 ,55.3412 ,8.05646 ,5.99488
local optima ,1 ,2290 ,2290 ,22 ,107 ,8.87803 ,8.05646 ,6.25874
new initTour ,1 ,2290 ,2290 ,23 ,0 ,51.8144 ,8.05646 ,6.25881
local optima ,1 ,2397 ,2397 ,23 ,107 ,8.55976 ,8.05646 ,6.51424
new initTour ,1 ,2397 ,2397 ,24 ,0 ,55.7372 ,8.05646 ,6.51436
local optima ,1 ,2501 ,2501 ,24 ,104 ,8.42602 ,8.05646 ,6.7966
new initTour ,1 ,2501 ,2501 ,25 ,0 ,52.5261 ,8.05646 ,6.79666
local optima ,1 ,2598 ,2598 ,25 ,97 ,8.46313 ,8.05646 ,7.02524
new initTour ,1 ,2598 ,2598 ,26 ,0 ,52.556 ,8.05646 ,7.02531
local optima ,1 ,2706 ,2706 ,26 ,108 ,8.51246 ,8.05646 ,7.27673
new initTour ,1 ,2706 ,2706 ,27 ,0 ,53.8694 ,8.05646 ,7.27679
local optima ,1 ,2812 ,2812 ,27 ,106 ,8.75784 ,8.05646 ,7.56026
new initTour ,1 ,2812 ,2812 ,28 ,0 ,55.9391 ,8.05646 ,7.56033
local optima ,1 ,2913 ,2913 ,28 ,101 ,8.61567 ,8.05646 ,7.81965
new initTour ,1 ,2913 ,2913 ,29 ,0 ,55.9173 ,8.05646 ,7.81971
local optima ,1 ,3019 ,3019 ,29 ,106 ,8.69173 ,8.05646 ,8.09652
new initTour ,1 ,3019 ,3019 ,30 ,0 ,55.8985 ,8.05646 ,8.09659
local optima ,1 ,3112 ,3112 ,30 ,93 ,8.79146 ,8.05646 ,8.37125
new initTour ,1 ,3112 ,3112 ,31 ,0 ,53.6159 ,8.05646 ,8.37132
epi end ,1 ,3201 ,3201 ,31 ,89 ,9.10643 ,8.05646 ,8.62468
epi begin ,2 ,1 ,3201 ,31 ,89 ,9.10643 ,8.05646 ,50.6533
local optima ,2 ,8 ,3208 ,31 ,96 ,9.0065 ,8.05646 ,50.6546
new initTour ,2 ,8 ,3208 ,32 ,0 ,51.414 ,8.05646 ,50.6546
local optima ,2 ,787 ,3987 ,32 ,779 ,8.45693 ,8.05646 ,53.7274
new initTour ,2 ,787 ,3987 ,33 ,0 ,54.4869 ,8.05646 ,53.7274
local optima ,2 ,1554 ,4754 ,33 ,767 ,8.85538 ,8.05646 ,57.2762
new initTour ,2 ,1554 ,4754 ,34 ,0 ,56.1335 ,8.05646 ,57.2763
learn ends ,2 ,1906 ,5106 ,34 ,352 ,26.6831 ,8.05646 ,60.0025
