Event, epi, step, time, tourCount, swapCount, nowScore, bestScore, sec 
learn begin ,1 ,1 ,1 ,1 ,0 ,52.9977 ,52.9977 ,0.000129
update best ,1 ,102 ,102 ,1 ,102 ,8.49175 ,8.49175 ,0.189119
local optima ,1 ,103 ,103 ,1 ,102 ,8.49175 ,8.49175 ,0.189183
new initTour ,1 ,103 ,103 ,2 ,0 ,55.0357 ,8.49175 ,0.18924
update best ,1 ,208 ,208 ,2 ,106 ,8.33276 ,8.33276 ,0.405403
local optima ,1 ,209 ,209 ,2 ,106 ,8.33276 ,8.33276 ,0.405466
new initTour ,1 ,209 ,209 ,3 ,0 ,57.01 ,8.33276 ,0.405524
local optima ,1 ,310 ,310 ,3 ,101 ,8.70393 ,8.33276 ,0.640523
new initTour ,1 ,310 ,310 ,4 ,0 ,54.5399 ,8.33276 ,0.64058
local optima ,1 ,416 ,416 ,4 ,106 ,8.70549 ,8.33276 ,0.856755
new initTour ,1 ,416 ,416 ,5 ,0 ,58.8076 ,8.33276 ,0.856813
local optima ,1 ,525 ,525 ,5 ,109 ,8.52255 ,8.33276 ,1.10085
new initTour ,1 ,525 ,525 ,6 ,0 ,53.7142 ,8.33276 ,1.10091
local optima ,1 ,629 ,629 ,6 ,104 ,8.53464 ,8.33276 ,1.30175
new initTour ,1 ,629 ,629 ,7 ,0 ,58.1893 ,8.33276 ,1.30181
local optima ,1 ,732 ,732 ,7 ,103 ,8.8549 ,8.33276 ,1.53833
new initTour ,1 ,732 ,732 ,8 ,0 ,58.4539 ,8.33276 ,1.5384
update best ,1 ,842 ,842 ,8 ,111 ,8.14617 ,8.14617 ,1.7872
local optima ,1 ,843 ,843 ,8 ,111 ,8.14617 ,8.14617 ,1.78727
new initTour ,1 ,843 ,843 ,9 ,0 ,56.8324 ,8.14617 ,1.78732
local optima ,1 ,956 ,956 ,9 ,113 ,8.69342 ,8.14617 ,2.03067
new initTour ,1 ,956 ,956 ,10 ,0 ,53.7689 ,8.14617 ,2.03073
local optima ,1 ,1064 ,1064 ,10 ,108 ,9.03603 ,8.14617 ,2.23056
new initTour ,1 ,1064 ,1064 ,11 ,0 ,56.4153 ,8.14617 ,2.23062
local optima ,1 ,1173 ,1173 ,11 ,109 ,8.39713 ,8.14617 ,2.45465
new initTour ,1 ,1173 ,1173 ,12 ,0 ,52.3536 ,8.14617 ,2.4547
local optima ,1 ,1281 ,1281 ,12 ,108 ,8.7527 ,8.14617 ,2.64633
new initTour ,1 ,1281 ,1281 ,13 ,0 ,58.6042 ,8.14617 ,2.64639
local optima ,1 ,1386 ,1386 ,13 ,105 ,8.29584 ,8.14617 ,2.90134
new initTour ,1 ,1386 ,1386 ,14 ,0 ,55.101 ,8.14617 ,2.90139
local optima ,1 ,1491 ,1491 ,14 ,105 ,8.45697 ,8.14617 ,3.11664
new initTour ,1 ,1491 ,1491 ,15 ,0 ,58.0413 ,8.14617 ,3.1167
local optima ,1 ,1599 ,1599 ,15 ,108 ,8.57758 ,8.14617 ,3.36322
new initTour ,1 ,1599 ,1599 ,16 ,0 ,57.162 ,8.14617 ,3.36329
epi end ,1 ,1601 ,1601 ,16 ,2 ,53.7573 ,8.14617 ,3.38979
epi begin ,2 ,1 ,1601 ,16 ,2 ,53.7573 ,8.14617 ,7.38373
local optima ,2 ,618 ,2218 ,16 ,619 ,9.05365 ,8.14617 ,9.31597
new initTour ,2 ,618 ,2218 ,17 ,0 ,55.8715 ,8.14617 ,9.31603
local optima ,2 ,1443 ,3043 ,17 ,825 ,9.07833 ,8.14617 ,12.3745
new initTour ,2 ,1443 ,3043 ,18 ,0 ,52.5812 ,8.14617 ,12.3745
epi end ,2 ,1601 ,3201 ,18 ,158 ,35.7104 ,8.14617 ,13.4301
epi begin ,3 ,1 ,3201 ,18 ,158 ,35.7104 ,8.14617 ,17.5476
local optima ,3 ,460 ,3660 ,18 ,617 ,8.32395 ,8.14617 ,18.4366
new initTour ,3 ,460 ,3660 ,19 ,0 ,55.3884 ,8.14617 ,18.4366
local optima ,3 ,1199 ,4399 ,19 ,739 ,8.6826 ,8.14617 ,21.1303
new initTour ,3 ,1199 ,4399 ,20 ,0 ,52.9756 ,8.14617 ,21.1304
epi end ,3 ,1601 ,4801 ,20 ,402 ,17.5781 ,8.14617 ,22.906
epi begin ,4 ,1 ,4801 ,20 ,402 ,17.5781 ,8.14617 ,26.8317
local optima ,4 ,153 ,4953 ,20 ,554 ,8.53007 ,8.14617 ,26.9126
new initTour ,4 ,153 ,4953 ,21 ,0 ,52.571 ,8.14617 ,26.9127
local optima ,4 ,685 ,5485 ,21 ,532 ,8.7812 ,8.14617 ,28.2377
new initTour ,4 ,685 ,5485 ,22 ,0 ,57.0044 ,8.14617 ,28.2377
local optima ,4 ,1353 ,6153 ,22 ,668 ,8.50192 ,8.14617 ,30.5689
new initTour ,4 ,1353 ,6153 ,23 ,0 ,55.8428 ,8.14617 ,30.569
epi end ,4 ,1601 ,6401 ,23 ,248 ,28.3013 ,8.14617 ,31.9237
epi begin ,5 ,1 ,6401 ,23 ,248 ,28.3013 ,8.14617 ,35.997
local optima ,5 ,283 ,6683 ,23 ,530 ,8.66324 ,8.14617 ,36.2697
new initTour ,5 ,283 ,6683 ,24 ,0 ,55.2634 ,8.14617 ,36.2698
local optima ,5 ,864 ,7264 ,24 ,581 ,9.02681 ,8.14617 ,37.9389
new initTour ,5 ,864 ,7264 ,25 ,0 ,54.7208 ,8.14617 ,37.939
local optima ,5 ,1383 ,7783 ,25 ,519 ,8.68994 ,8.14617 ,39.4408
new initTour ,5 ,1383 ,7783 ,26 ,0 ,56.367 ,8.14617 ,39.4408
epi end ,5 ,1601 ,8001 ,26 ,218 ,28.59 ,8.14617 ,40.6651
epi begin ,6 ,1 ,8001 ,26 ,218 ,28.59 ,8.14617 ,44.3323
local optima ,6 ,264 ,8264 ,26 ,481 ,8.65665 ,8.14617 ,44.5741
new initTour ,6 ,264 ,8264 ,27 ,0 ,58.5627 ,8.14617 ,44.5742
local optima ,6 ,964 ,8964 ,27 ,700 ,8.65387 ,8.14617 ,46.8436
new initTour ,6 ,964 ,8964 ,28 ,0 ,58.5941 ,8.14617 ,46.8437
epi end ,6 ,1601 ,9601 ,28 ,637 ,12.2425 ,8.14617 ,49.4409
epi begin ,7 ,1 ,9601 ,28 ,637 ,12.2425 ,8.14617 ,53.0063
local optima ,7 ,69 ,9669 ,28 ,705 ,8.5147 ,8.14617 ,53.0246
new initTour ,7 ,69 ,9669 ,29 ,0 ,56.6993 ,8.14617 ,53.0246
local optima ,7 ,716 ,10316 ,29 ,647 ,8.6055 ,8.14617 ,55.028
new initTour ,7 ,716 ,10316 ,30 ,0 ,57.6382 ,8.14617 ,55.0281
local optima ,7 ,1372 ,10972 ,30 ,656 ,8.95984 ,8.14617 ,57.3968
new initTour ,7 ,1372 ,10972 ,31 ,0 ,56.9298 ,8.14617 ,57.3968
epi end ,7 ,1601 ,11201 ,31 ,229 ,32.4324 ,8.14617 ,58.7919
epi begin ,8 ,1 ,11201 ,31 ,229 ,32.4324 ,8.14617 ,62.4306
learn ends ,8 ,2 ,11202 ,31 ,230 ,32.3302 ,8.14617 ,62.4349
