Event, epi, step, time, tourCount, swapCount, nowScore, bestScore, sec 
learn begin ,1 ,1 ,1 ,1 ,0 ,54.3423 ,54.3423 ,9.9e-05
update best ,1 ,96 ,96 ,1 ,96 ,8.65973 ,8.65973 ,0.21636
local optima ,1 ,97 ,97 ,1 ,96 ,8.65973 ,8.65973 ,0.216429
new initTour ,1 ,97 ,97 ,2 ,0 ,56.1358 ,8.65973 ,0.216493
update best ,1 ,208 ,208 ,2 ,112 ,8.51651 ,8.51651 ,0.46309
local optima ,1 ,209 ,209 ,2 ,112 ,8.51651 ,8.51651 ,0.463158
new initTour ,1 ,209 ,209 ,3 ,0 ,56.4428 ,8.51651 ,0.463217
local optima ,1 ,314 ,314 ,3 ,105 ,8.85487 ,8.51651 ,0.699531
new initTour ,1 ,314 ,314 ,4 ,0 ,55.2817 ,8.51651 ,0.699591
local optima ,1 ,414 ,414 ,4 ,100 ,8.57747 ,8.51651 ,0.931217
new initTour ,1 ,414 ,414 ,5 ,0 ,58.2025 ,8.51651 ,0.931278
local optima ,1 ,519 ,519 ,5 ,105 ,8.68305 ,8.51651 ,1.19581
new initTour ,1 ,519 ,519 ,6 ,0 ,57.6584 ,8.51651 ,1.19587
update best ,1 ,629 ,629 ,6 ,111 ,8.31081 ,8.31081 ,1.45094
local optima ,1 ,630 ,630 ,6 ,111 ,8.31081 ,8.31081 ,1.451
new initTour ,1 ,630 ,630 ,7 ,0 ,57.9618 ,8.31081 ,1.45106
local optima ,1 ,742 ,742 ,7 ,112 ,8.4221 ,8.31081 ,1.70846
new initTour ,1 ,742 ,742 ,8 ,0 ,60.8684 ,8.31081 ,1.70853
local optima ,1 ,857 ,857 ,8 ,115 ,8.6198 ,8.31081 ,2.01274
new initTour ,1 ,857 ,857 ,9 ,0 ,56.0668 ,8.31081 ,2.0128
local optima ,1 ,962 ,962 ,9 ,105 ,8.60682 ,8.31081 ,2.24764
new initTour ,1 ,962 ,962 ,10 ,0 ,56.9027 ,8.31081 ,2.2477
local optima ,1 ,1059 ,1059 ,10 ,97 ,8.46488 ,8.31081 ,2.47759
new initTour ,1 ,1059 ,1059 ,11 ,0 ,54.8252 ,8.31081 ,2.47765
update best ,1 ,1165 ,1165 ,11 ,107 ,8.18474 ,8.18474 ,2.69586
local optima ,1 ,1166 ,1166 ,11 ,107 ,8.18474 ,8.18474 ,2.69597
new initTour ,1 ,1166 ,1166 ,12 ,0 ,57.066 ,8.18474 ,2.69607
local optima ,1 ,1266 ,1266 ,12 ,100 ,8.51405 ,8.18474 ,2.95384
new initTour ,1 ,1266 ,1266 ,13 ,0 ,53.249 ,8.18474 ,2.9539
local optima ,1 ,1374 ,1374 ,13 ,108 ,8.51064 ,8.18474 ,3.1793
new initTour ,1 ,1374 ,1374 ,14 ,0 ,58.6455 ,8.18474 ,3.17936
local optima ,1 ,1483 ,1483 ,14 ,109 ,8.28405 ,8.18474 ,3.43585
new initTour ,1 ,1483 ,1483 ,15 ,0 ,53.9107 ,8.18474 ,3.43591
local optima ,1 ,1587 ,1587 ,15 ,104 ,8.64779 ,8.18474 ,3.65852
new initTour ,1 ,1587 ,1587 ,16 ,0 ,52.7307 ,8.18474 ,3.65858
local optima ,1 ,1685 ,1685 ,16 ,98 ,8.72873 ,8.18474 ,3.87191
new initTour ,1 ,1685 ,1685 ,17 ,0 ,54.305 ,8.18474 ,3.87197
local optima ,1 ,1787 ,1787 ,17 ,102 ,8.52214 ,8.18474 ,4.09837
new initTour ,1 ,1787 ,1787 ,18 ,0 ,57.9942 ,8.18474 ,4.09843
local optima ,1 ,1890 ,1890 ,18 ,103 ,8.41117 ,8.18474 ,4.35891
new initTour ,1 ,1890 ,1890 ,19 ,0 ,59.0465 ,8.18474 ,4.35897
local optima ,1 ,2001 ,2001 ,19 ,111 ,8.32337 ,8.18474 ,4.6234
new initTour ,1 ,2001 ,2001 ,20 ,0 ,58.0475 ,8.18474 ,4.62346
local optima ,1 ,2105 ,2105 ,20 ,104 ,8.7824 ,8.18474 ,4.88033
new initTour ,1 ,2105 ,2105 ,21 ,0 ,57.1135 ,8.18474 ,4.88045
local optima ,1 ,2212 ,2212 ,21 ,107 ,8.81894 ,8.18474 ,5.13548
new initTour ,1 ,2212 ,2212 ,22 ,0 ,60.7155 ,8.18474 ,5.13554
update best ,1 ,2323 ,2323 ,22 ,112 ,8.12506 ,8.12506 ,5.44682
local optima ,1 ,2324 ,2324 ,22 ,112 ,8.12506 ,8.12506 ,5.44688
new initTour ,1 ,2324 ,2324 ,23 ,0 ,55.4704 ,8.12506 ,5.44695
local optima ,1 ,2432 ,2432 ,23 ,108 ,8.7759 ,8.12506 ,5.68572
new initTour ,1 ,2432 ,2432 ,24 ,0 ,57.1931 ,8.12506 ,5.68578
local optima ,1 ,2541 ,2541 ,24 ,109 ,8.6025 ,8.12506 ,5.94159
new initTour ,1 ,2541 ,2541 ,25 ,0 ,58.5622 ,8.12506 ,5.94165
local optima ,1 ,2653 ,2653 ,25 ,112 ,8.47154 ,8.12506 ,6.21748
new initTour ,1 ,2653 ,2653 ,26 ,0 ,53.8453 ,8.12506 ,6.21755
local optima ,1 ,2762 ,2762 ,26 ,109 ,8.19427 ,8.12506 ,6.41593
new initTour ,1 ,2762 ,2762 ,27 ,0 ,57.319 ,8.12506 ,6.41599
local optima ,1 ,2868 ,2868 ,27 ,106 ,8.3524 ,8.12506 ,6.66841
new initTour ,1 ,2868 ,2868 ,28 ,0 ,53.5749 ,8.12506 ,6.66849
local optima ,1 ,2972 ,2972 ,28 ,104 ,9.1196 ,8.12506 ,6.88678
new initTour ,1 ,2972 ,2972 ,29 ,0 ,56.9346 ,8.12506 ,6.88685
local optima ,1 ,3079 ,3079 ,29 ,107 ,8.3356 ,8.12506 ,7.1145
new initTour ,1 ,3079 ,3079 ,30 ,0 ,54.736 ,8.12506 ,7.11456
local optima ,1 ,3188 ,3188 ,30 ,109 ,8.14141 ,8.12506 ,7.3356
new initTour ,1 ,3188 ,3188 ,31 ,0 ,56.4298 ,8.12506 ,7.33567
epi end ,1 ,3201 ,3201 ,31 ,13 ,39.7141 ,8.12506 ,7.46666
epi begin ,2 ,1 ,3201 ,31 ,13 ,39.7141 ,8.12506 ,34.4571
local optima ,2 ,523 ,3723 ,31 ,535 ,8.37512 ,8.12506 ,35.6093
new initTour ,2 ,523 ,3723 ,32 ,0 ,54.821 ,8.12506 ,35.6094
local optima ,2 ,1283 ,4483 ,32 ,760 ,8.61611 ,8.12506 ,38.1333
new initTour ,2 ,1283 ,4483 ,33 ,0 ,55.6903 ,8.12506 ,38.1334
local optima ,2 ,1958 ,5158 ,33 ,675 ,9.02118 ,8.12506 ,40.7075
new initTour ,2 ,1958 ,5158 ,34 ,0 ,53.1622 ,8.12506 ,40.7076
local optima ,2 ,2593 ,5793 ,34 ,635 ,8.70327 ,8.12506 ,42.968
new initTour ,2 ,2593 ,5793 ,35 ,0 ,57.3372 ,8.12506 ,42.9681
epi end ,2 ,3201 ,6401 ,35 ,608 ,10.6488 ,8.12506 ,45.7396
epi begin ,3 ,1 ,6401 ,35 ,608 ,10.6488 ,8.12506 ,71.3307
learn ends ,3 ,2 ,6402 ,35 ,609 ,10.6224 ,8.12506 ,71.3311
