Event, epi, step, time, tourCount, swapCount, nowScore, bestScore, sec 
learn begin ,1 ,1 ,1 ,1 ,0 ,49.3256 ,49.3256 ,0.000182
update best ,1 ,220 ,220 ,1 ,220 ,7.65175 ,7.65175 ,1.49494
local optima ,1 ,221 ,221 ,1 ,220 ,7.65175 ,7.65175 ,1.49512
new initTour ,1 ,221 ,221 ,2 ,0 ,48.1134 ,7.65175 ,1.49525
local optima ,1 ,453 ,453 ,2 ,232 ,7.9303 ,7.65175 ,2.95697
new initTour ,1 ,453 ,453 ,3 ,0 ,48.2814 ,7.65175 ,2.95708
local optima ,1 ,676 ,676 ,3 ,223 ,7.73056 ,7.65175 ,4.40015
new initTour ,1 ,676 ,676 ,4 ,0 ,46.6976 ,7.65175 ,4.40025
local optima ,1 ,881 ,881 ,4 ,205 ,7.76824 ,7.65175 ,5.69179
new initTour ,1 ,881 ,881 ,5 ,0 ,48.5264 ,7.65175 ,5.69189
local optima ,1 ,1104 ,1104 ,5 ,223 ,7.66466 ,7.65175 ,7.16291
new initTour ,1 ,1104 ,1104 ,6 ,0 ,47.331 ,7.65175 ,7.16302
update best ,1 ,1330 ,1330 ,6 ,227 ,7.59419 ,7.59419 ,8.54379
local optima ,1 ,1331 ,1331 ,6 ,227 ,7.59419 ,7.59419 ,8.54392
new initTour ,1 ,1331 ,1331 ,7 ,0 ,48.1862 ,7.59419 ,8.54402
local optima ,1 ,1564 ,1564 ,7 ,233 ,7.61106 ,7.59419 ,9.8881
new initTour ,1 ,1564 ,1564 ,8 ,0 ,48.9542 ,7.59419 ,9.88821
update best ,1 ,1792 ,1792 ,8 ,229 ,7.53638 ,7.53638 ,11.3887
local optima ,1 ,1793 ,1793 ,8 ,229 ,7.53638 ,7.53638 ,11.3888
new initTour ,1 ,1793 ,1793 ,9 ,0 ,44.8184 ,7.53638 ,11.3889
local optima ,1 ,2008 ,2008 ,9 ,215 ,7.72372 ,7.53638 ,12.5994
new initTour ,1 ,2008 ,2008 ,10 ,0 ,49.492 ,7.53638 ,12.5995
local optima ,1 ,2237 ,2237 ,10 ,229 ,7.58889 ,7.53638 ,14.165
new initTour ,1 ,2237 ,2237 ,11 ,0 ,48.2447 ,7.53638 ,14.1651
local optima ,1 ,2454 ,2454 ,11 ,217 ,7.56099 ,7.53638 ,15.6226
new initTour ,1 ,2454 ,2454 ,12 ,0 ,48.1572 ,7.53638 ,15.6227
local optima ,1 ,2675 ,2675 ,12 ,221 ,7.61051 ,7.53638 ,16.8934
new initTour ,1 ,2675 ,2675 ,13 ,0 ,47.6365 ,7.53638 ,16.8935
local optima ,1 ,2897 ,2897 ,13 ,222 ,7.594 ,7.53638 ,18.226
new initTour ,1 ,2897 ,2897 ,14 ,0 ,48.3801 ,7.53638 ,18.2261
local optima ,1 ,3124 ,3124 ,14 ,227 ,7.82322 ,7.53638 ,19.6051
new initTour ,1 ,3124 ,3124 ,15 ,0 ,49.0794 ,7.53638 ,19.6052
local optima ,1 ,3347 ,3347 ,15 ,223 ,7.68476 ,7.53638 ,20.9936
new initTour ,1 ,3347 ,3347 ,16 ,0 ,48.921 ,7.53638 ,20.9937
local optima ,1 ,3560 ,3560 ,16 ,213 ,7.78194 ,7.53638 ,22.4667
new initTour ,1 ,3560 ,3560 ,17 ,0 ,47.9748 ,7.53638 ,22.4668
local optima ,1 ,3769 ,3769 ,17 ,209 ,7.7095 ,7.53638 ,23.7476
new initTour ,1 ,3769 ,3769 ,18 ,0 ,48.284 ,7.53638 ,23.7477
local optima ,1 ,3989 ,3989 ,18 ,220 ,7.73504 ,7.53638 ,25.0843
new initTour ,1 ,3989 ,3989 ,19 ,0 ,47.6067 ,7.53638 ,25.0844
local optima ,1 ,4199 ,4199 ,19 ,210 ,7.65637 ,7.53638 ,26.4411
new initTour ,1 ,4199 ,4199 ,20 ,0 ,47.9607 ,7.53638 ,26.4412
local optima ,1 ,4422 ,4422 ,20 ,223 ,7.61081 ,7.53638 ,27.7996
new initTour ,1 ,4422 ,4422 ,21 ,0 ,45.9101 ,7.53638 ,27.7997
local optima ,1 ,4654 ,4654 ,21 ,232 ,7.60393 ,7.53638 ,29.1451
new initTour ,1 ,4654 ,4654 ,22 ,0 ,46.9104 ,7.53638 ,29.1452
local optima ,1 ,4874 ,4874 ,22 ,220 ,7.56048 ,7.53638 ,30.5716
new initTour ,1 ,4874 ,4874 ,23 ,0 ,49.0001 ,7.53638 ,30.5717
update best ,1 ,5105 ,5105 ,23 ,232 ,7.51298 ,7.51298 ,32.052
local optima ,1 ,5106 ,5106 ,23 ,232 ,7.51298 ,7.51298 ,32.0521
new initTour ,1 ,5106 ,5106 ,24 ,0 ,49.6278 ,7.51298 ,32.0522
local optima ,1 ,5323 ,5323 ,24 ,217 ,7.60945 ,7.51298 ,33.5769
new initTour ,1 ,5323 ,5323 ,25 ,0 ,48.8696 ,7.51298 ,33.577
local optima ,1 ,5542 ,5542 ,25 ,219 ,7.80733 ,7.51298 ,35.1523
new initTour ,1 ,5542 ,5542 ,26 ,0 ,48.6922 ,7.51298 ,35.1524
local optima ,1 ,5774 ,5774 ,26 ,232 ,7.64205 ,7.51298 ,36.5179
new initTour ,1 ,5774 ,5774 ,27 ,0 ,49.8656 ,7.51298 ,36.5181
local optima ,1 ,6000 ,6000 ,27 ,226 ,7.63449 ,7.51298 ,38.0098
new initTour ,1 ,6000 ,6000 ,28 ,0 ,47.8663 ,7.51298 ,38.0099
local optima ,1 ,6215 ,6215 ,28 ,215 ,7.6832 ,7.51298 ,39.4508
new initTour ,1 ,6215 ,6215 ,29 ,0 ,47.718 ,7.51298 ,39.4509
epi end ,1 ,6401 ,6401 ,29 ,186 ,7.91368 ,7.51298 ,40.8308
epi begin ,2 ,1 ,6401 ,29 ,186 ,7.91368 ,7.51298 ,59.6368
local optima ,2 ,78 ,6478 ,29 ,263 ,7.62115 ,7.51298 ,59.6564
new initTour ,2 ,78 ,6478 ,30 ,0 ,47.5276 ,7.51298 ,59.6565
learn ends ,2 ,89 ,6489 ,30 ,11 ,46.9069 ,7.51298 ,60.0139
