Event, epi, step, time, tourCount, swapCount, nowScore, bestScore, sec 
learn begin ,1 ,1 ,1 ,1 ,0 ,49.8626 ,49.8626 ,0.000148
update best ,1 ,220 ,220 ,1 ,220 ,7.79401 ,7.79401 ,1.38772
local optima ,1 ,221 ,221 ,1 ,220 ,7.79401 ,7.79401 ,1.38785
new initTour ,1 ,221 ,221 ,2 ,0 ,47.4805 ,7.79401 ,1.388
update best ,1 ,443 ,443 ,2 ,223 ,7.67341 ,7.67341 ,2.62513
local optima ,1 ,444 ,444 ,2 ,223 ,7.67341 ,7.67341 ,2.62525
new initTour ,1 ,444 ,444 ,3 ,0 ,46.2831 ,7.67341 ,2.62535
local optima ,1 ,661 ,661 ,3 ,217 ,7.70679 ,7.67341 ,3.77023
new initTour ,1 ,661 ,661 ,4 ,0 ,47.5277 ,7.67341 ,3.77033
local optima ,1 ,882 ,882 ,4 ,221 ,7.71587 ,7.67341 ,4.97993
new initTour ,1 ,882 ,882 ,5 ,0 ,48.2379 ,7.67341 ,4.98003
local optima ,1 ,1103 ,1103 ,5 ,221 ,7.71909 ,7.67341 ,6.24083
new initTour ,1 ,1103 ,1103 ,6 ,0 ,48.972 ,7.67341 ,6.24093
update best ,1 ,1321 ,1321 ,6 ,219 ,7.60516 ,7.60516 ,7.51844
local optima ,1 ,1322 ,1322 ,6 ,219 ,7.60516 ,7.60516 ,7.51856
new initTour ,1 ,1322 ,1322 ,7 ,0 ,49.9528 ,7.60516 ,7.51865
update best ,1 ,1555 ,1555 ,7 ,234 ,7.491 ,7.491 ,8.83371
local optima ,1 ,1556 ,1556 ,7 ,234 ,7.491 ,7.491 ,8.83383
new initTour ,1 ,1556 ,1556 ,8 ,0 ,47.248 ,7.491 ,8.83393
local optima ,1 ,1773 ,1773 ,8 ,217 ,7.51747 ,7.491 ,10.0392
new initTour ,1 ,1773 ,1773 ,9 ,0 ,46.7905 ,7.491 ,10.0393
local optima ,1 ,2005 ,2005 ,9 ,232 ,7.63813 ,7.491 ,11.1888
new initTour ,1 ,2005 ,2005 ,10 ,0 ,48.5557 ,7.491 ,11.1889
local optima ,1 ,2228 ,2228 ,10 ,223 ,7.6613 ,7.491 ,12.4887
new initTour ,1 ,2228 ,2228 ,11 ,0 ,48.0115 ,7.491 ,12.4888
local optima ,1 ,2451 ,2451 ,11 ,223 ,7.71127 ,7.491 ,13.7864
new initTour ,1 ,2451 ,2451 ,12 ,0 ,48.1053 ,7.491 ,13.7865
local optima ,1 ,2674 ,2674 ,12 ,223 ,7.67729 ,7.491 ,15.1127
new initTour ,1 ,2674 ,2674 ,13 ,0 ,47.685 ,7.491 ,15.1129
local optima ,1 ,2895 ,2895 ,13 ,221 ,7.58632 ,7.491 ,16.46
new initTour ,1 ,2895 ,2895 ,14 ,0 ,47.7145 ,7.491 ,16.4601
local optima ,1 ,3118 ,3118 ,14 ,223 ,7.65819 ,7.491 ,17.6664
new initTour ,1 ,3118 ,3118 ,15 ,0 ,45.191 ,7.491 ,17.6665
local optima ,1 ,3334 ,3334 ,15 ,216 ,7.57567 ,7.491 ,18.8428
new initTour ,1 ,3334 ,3334 ,16 ,0 ,47.2625 ,7.491 ,18.8429
local optima ,1 ,3549 ,3549 ,16 ,215 ,7.74929 ,7.491 ,20.0666
new initTour ,1 ,3549 ,3549 ,17 ,0 ,49.699 ,7.491 ,20.0667
local optima ,1 ,3783 ,3783 ,17 ,234 ,7.58802 ,7.491 ,21.4261
new initTour ,1 ,3783 ,3783 ,18 ,0 ,46.6894 ,7.491 ,21.4262
local optima ,1 ,4004 ,4004 ,18 ,221 ,7.54742 ,7.491 ,22.5989
new initTour ,1 ,4004 ,4004 ,19 ,0 ,46.9132 ,7.491 ,22.599
local optima ,1 ,4227 ,4227 ,19 ,223 ,7.6217 ,7.491 ,23.738
new initTour ,1 ,4227 ,4227 ,20 ,0 ,46.6421 ,7.491 ,23.7381
local optima ,1 ,4448 ,4448 ,20 ,221 ,7.58402 ,7.491 ,24.9492
new initTour ,1 ,4448 ,4448 ,21 ,0 ,47.9787 ,7.491 ,24.9493
local optima ,1 ,4668 ,4668 ,21 ,220 ,7.56354 ,7.491 ,26.2393
new initTour ,1 ,4668 ,4668 ,22 ,0 ,45.8107 ,7.491 ,26.2394
local optima ,1 ,4882 ,4882 ,22 ,214 ,7.77984 ,7.491 ,27.3377
new initTour ,1 ,4882 ,4882 ,23 ,0 ,49.3998 ,7.491 ,27.3378
local optima ,1 ,5104 ,5104 ,23 ,222 ,7.58061 ,7.491 ,28.6992
new initTour ,1 ,5104 ,5104 ,24 ,0 ,46.9534 ,7.491 ,28.6993
local optima ,1 ,5318 ,5318 ,24 ,214 ,7.56297 ,7.491 ,29.7989
new initTour ,1 ,5318 ,5318 ,25 ,0 ,49.1263 ,7.491 ,29.7991
local optima ,1 ,5541 ,5541 ,25 ,223 ,7.57194 ,7.491 ,31.1639
new initTour ,1 ,5541 ,5541 ,26 ,0 ,48.2439 ,7.491 ,31.1641
local optima ,1 ,5768 ,5768 ,26 ,227 ,7.72814 ,7.491 ,32.4538
new initTour ,1 ,5768 ,5768 ,27 ,0 ,48.7553 ,7.491 ,32.4539
local optima ,1 ,5989 ,5989 ,27 ,221 ,7.67063 ,7.491 ,33.7285
new initTour ,1 ,5989 ,5989 ,28 ,0 ,46.2392 ,7.491 ,33.7286
local optima ,1 ,6207 ,6207 ,28 ,218 ,7.59654 ,7.491 ,34.8887
new initTour ,1 ,6207 ,6207 ,29 ,0 ,47.5424 ,7.491 ,34.8888
epi end ,1 ,6401 ,6401 ,29 ,194 ,8.07662 ,7.491 ,36.1456
epi begin ,2 ,1 ,6401 ,29 ,194 ,8.07662 ,7.491 ,53.1703
local optima ,2 ,108 ,6508 ,29 ,301 ,7.60669 ,7.491 ,53.1988
new initTour ,2 ,108 ,6508 ,30 ,0 ,45.2837 ,7.491 ,53.1989
learn ends ,2 ,378 ,6778 ,30 ,270 ,38.1712 ,7.491 ,60.0032
